0.004422388505190611
0.004359601531177759
0.006555804517120123
0.00592034449800849
0.03709254786372185
0.03367931395769119
0.006776086054742336
0.004895086865872145
0.008982612751424313
0.006620658561587334
0.006255525629967451
0.007747532334178686
0.008025381714105606
0.007597319316118956
0.0056200092658400536
0.005546362139284611
0.004577308893203735
0.004700744524598122
0.004672621842473745
0.00510600209236145
0.004341071471571922
0.006117760203778744
0.006645320914685726
0.006473134271800518
0.005764864385128021
0.0054341270588338375
0.005882740020751953
0.005019685253500938
0.005639997310936451
0.005744442343711853
0.006093263626098633
0.00656433030962944
0.006550788879394531
0.006276482250541449
0.007117290981113911
0.0065759471617639065
0.0057231225073337555
0.005539868026971817
0.005663247779011726
0.004953552503138781
0.005838451441377401
0.007660202216356993
0.00909899640828371
0.006148609798401594
0.00824582576751709
0.006614966318011284
0.005052641965448856
0.004602502100169659
0.005933996289968491
0.004466008394956589
0.0061147636733949184
0.00469104154035449
0.00662781810387969
0.0044280472211539745
0.005286961328238249
0.0072871362790465355
0.007952891290187836
0.007312249392271042
0.006607824470847845
0.007959559559822083
0.007638213690370321
0.00882813148200512
0.008938610553741455
0.006334399338811636
0.004932062700390816
0.004518850706517696
0.007073953747749329
0.007521667517721653
0.007925943471491337
0.008031095378100872
0.008149349130690098
0.006728281732648611
0.007030209060758352
0.006595703773200512
0.006765344645828009
0.007329263724386692
0.006439109332859516
0.007829059846699238
0.007407670840620995
0.0074507733806967735
0.0056650410406291485
0.007598440162837505
0.006523699965327978
0.0055040279403328896
0.006913139950484037
0.006991769652813673
0.006801369599997997
0.006503375247120857
0.005989666096866131
0.004159110132604837
0.0072203222662210464
0.006987091153860092
0.006987022235989571
0.007194947451353073
0.006793592125177383
0.007163775619119406
0.006208838429301977
0.006465388461947441
0.0048932782374322414
0.007364876102656126
0.007988514378666878
0.008336781524121761
0.008663086220622063
0.009171893820166588
0.009394953027367592
0.010782770812511444
0.009050173684954643
0.00785031821578741
0.005796386860311031
0.0082264244556427
0.0077144308015704155
0.005610054358839989
0.008478234522044659
0.008194738999009132
0.007111273240298033
0.006237734109163284
0.008630752563476562
0.004622683860361576
0.0075132763013243675
0.006919968873262405
0.009159255772829056
0.008257783949375153
0.006715260446071625
0.008503473363816738
0.008481057360768318
0.0093150045722723
0.0084279365837574
0.0072896140627563
0.009699446149170399
0.009180981665849686
0.0114662554115057
0.0097768884152174
0.012706965208053589
0.010147390887141228
0.008938461542129517
0.008379622362554073
0.0065019456669688225
0.0058835819363594055
0.007606269791722298
0.007478536572307348
0.007240648381412029
0.009364379569888115
0.006420152261853218
0.005793924443423748
0.004781841300427914
0.0042419396340847015
0.004799505230039358
0.004079937469214201
0.0027865413576364517
0.002892259508371353
0.0033147884532809258
0.004727741703391075
0.0036402754485607147
0.0040446799248456955
0.0031422979664057493
0.007160873617976904
0.008622948080301285
0.00755310570821166
0.00679139606654644
0.003950967453420162
0.005906631704419851
0.008387245237827301
0.007476267870515585
0.006203498225659132
0.007816084660589695
0.007937097921967506
0.007860339246690273
0.007868818938732147
0.007251370698213577
0.008660245686769485
0.0088368970900774
0.007715417072176933
0.007814506068825722
0.009387524798512459
0.01045027282088995
0.008720068261027336
0.010185068473219872
0.010244116187095642
0.01113931369036436
0.007089916151016951
0.01040099747478962
0.009803294204175472
0.0064704203978180885
0.009677390567958355
0.009832613170146942
0.006435954011976719
0.008290491066873074
0.008582128211855888
0.009585369378328323
0.005920459516346455
0.004472506232559681
0.004107342567294836
0.005825584288686514
0.004594770260155201
0.004263207316398621
0.00508636562153697
0.0032527917064726353
0.003186009358614683
0.004287250339984894
0.002682764083147049
0.004618513863533735
0.003802705090492964
0.0033069103956222534
0.004657674580812454
0.0032117459923028946
0.0023134564980864525
0.0014379465719684958
0.0012515836860984564
0.003468511626124382
0.002677628304809332
0.0016381300520151854
0.003152916906401515
0.0013340404257178307
0.003602723591029644
0.002381373895332217
0.0018642311915755272
0.0035191536881029606
0.001489088637754321
0.0019677376840263605
0.003543233033269644
0.0019471673294901848
0.004115327727049589
0.004586107097566128
0.007154453080147505
0.004285402595996857
0.0036991937085986137
0.0064726280979812145
0.0047120749950408936
0.004981375299394131
0.001814014627598226
0.00166144163813442
0.0007992017781361938
0.0033160969614982605
0.003616074798628688
0.00710840430110693
0.007847849279642105
0.008720574900507927
0.007042189594358206
0.008030971512198448
0.006878970190882683
0.008968512527644634
0.007952180691063404
0.004511668812483549
0.008642809465527534
0.0034327160101383924
0.005377193912863731
0.0031620159279555082
0.006136005278676748
0.0070940060541033745
0.006847318261861801
0.007390142418444157
0.006865813862532377
0.007228742353618145
0.008214633911848068
0.007781366817653179
0.007529198657721281
0.0067741344682872295
0.007466975133866072
0.005706232972443104
0.0041907005943357944
0.003412500722333789
0.0035266249906271696
0.0052154650911688805
0.004933646414428949
0.004810824524611235
0.004222341813147068
0.004294952377676964
0.003749422263354063
0.004098402801901102
0.004668440669775009
0.006919275037944317
0.0066252718679606915
0.00838918425142765
0.009026922285556793
0.009630616754293442
0.01077891793102026
0.010831285268068314
0.00995025597512722
0.009808377362787724
0.00639936700463295
0.005894381552934647
0.007455614861100912
0.006012190133333206
0.006153766065835953
0.00986359640955925
0.006713069975376129
0.007663530297577381
0.009798750281333923
0.008689310401678085
0.009112829342484474
0.008777822367846966
0.007739742286503315
0.007939059287309647
0.007838217541575432
0.007413685321807861
0.007687586825340986
0.007636907510459423
0.008333554491400719
0.008928587660193443
0.0071344561874866486
0.008195322006940842
0.009426366537809372
0.008480164222419262
0.008576463907957077
0.007650488521903753
0.007853658869862556
0.008489370346069336
0.006317536346614361
0.008506189100444317
0.008774099871516228
0.006915677338838577
0.006276918575167656
0.008864494040608406
0.006577652879059315
0.007739647291600704
0.0064594983123242855
0.008791806176304817
0.008997726254165173
0.008253784850239754
0.00790536031126976
0.007297992706298828
0.009391841478645802
0.008691737428307533
0.008956613950431347
0.00781306717544794
0.006135526113212109
0.00870432984083891
0.007692060433328152
0.008200808428227901
0.00973284337669611
0.007744347210973501
0.0073724775575101376
0.004842460621148348
0.0073900772258639336
0.008536174893379211
0.007399791851639748
0.0065164268016815186
0.006487825885415077
0.005524990614503622
0.0045599318109452724
0.005250935908406973
0.0032171281054615974
0.00426869560033083
0.004009885247796774
0.0038673407398164272
0.00409850524738431
0.004429588094353676
0.004005912691354752
0.0035124639980494976
0.0035360418260097504
0.0029989590402692556
0.0038878980558365583
0.002887917449697852
0.002518073655664921
0.004081130959093571
0.004130377434194088
0.0033535389229655266
0.0036275293678045273
0.002779875649139285
0.004732388071715832
0.003961173817515373
0.0021573659032583237
0.00395367993041873
0.0024645058438181877
0.0025397599674761295
0.003760941792279482
0.005286700092256069
0.004009082913398743
0.005539802834391594
0.005126502830535173
0.004145114682614803
0.004670682828873396
0.005239395424723625
0.003700228873640299
0.0034854006953537464
0.0031669768504798412
0.004177559167146683
0.007806369103491306
0.005749421194195747
0.006142023019492626
0.0073779611848294735
0.006975193973630667
0.005950690247118473
0.006320522166788578
0.0057134972885251045
0.006832977756857872
0.008016477338969707
0.00719631090760231
0.006360781379044056
0.007416242733597755
0.00724815484136343
0.0042648352682590485
0.005348417442291975
0.00840369239449501
0.008373532444238663
0.007726365700364113
0.007380641531199217
0.007220984902232885
0.006637517362833023
0.007372641004621983
0.006942287087440491
0.007216515019536018
0.0067853438667953014
0.007017721887677908
0.006125738378614187
0.006551328580826521
0.008287799544632435
0.007997702807188034
0.0070159113965928555
0.007690688129514456
0.006420313846319914
0.0068996381014585495
0.006163334008306265
0.005471696145832539
0.005225351080298424
0.005830644629895687
0.005475012585520744
0.00567927211523056
0.004886596463620663
0.005438573192805052
0.004930622410029173
0.0037315585650503635
0.0025184541009366512
0.0041022212244570255
0.003940824419260025
0.0026441270019859076
0.0019478225149214268
0.0031376415863633156
0.002422361634671688
0.0017764046788215637
0.0012034615501761436
0.0022906640078872442
0.0032947517465800047
0.0018007605103775859
0.003673093393445015
0.0031814929097890854
0.0036283291410654783
0.0032026832923293114
0.0011045567225664854
0.0033216476440429688
0.003297500079497695
0.003928970545530319
0.0033823191188275814
0.0034812360536307096
0.0035497245844453573
0.0030496639665216208
0.0030928621999919415
0.0037406492047011852
0.005145755596458912
0.006628695409744978
0.004514784552156925
0.005280261393636465
-0.0005667923833243549
0.001892435597255826
0.0032187472097575665
0.0033797030337154865
0.00356505811214447
0.0036676861345767975
0.0031876470893621445
0.0027268833946436644
0.003507868852466345
0.005262700840830803
0.0045563532039523125
0.004274565726518631
0.004656626842916012
0.0044853645376861095
0.004027131479233503
0.003913241438567638
0.004205705597996712
0.0038192360661923885
0.00148637848906219
0.004901132546365261
0.0029272176325321198
0.005332819186151028
0.004656847566366196
0.003764515509828925
0.004868573974817991
0.0033395695500075817
0.00447483267635107
0.0025949296541512012
0.004365901928395033
0.004734847694635391
0.003400831250473857
0.003806252032518387
0.0054494459182024
0.004659244325011969
0.004393303766846657
0.003949575126171112
0.003197593381628394
0.004757005255669355
0.003960681613534689
0.0036264322698116302
0.005200889892876148
0.005789529532194138
0.005146893672645092
0.0054865009151399136
0.008574185892939568
0.00885692797601223
0.008009497076272964
0.007811158895492554
0.008433856070041656
0.005312630906701088
0.005517912562936544
0.00577521650120616
0.0055367713794112206
0.006220554932951927
0.005782498978078365
0.006618959829211235
0.006346690468490124
0.006985682528465986
0.007695670239627361
0.006905785761773586
0.0058091855607926846
0.006486423313617706
0.006020634900778532
0.004949755501002073
0.006300089415162802
0.005768563598394394
0.005675995256751776
0.0060218567959964275
0.004974307492375374
0.004731982946395874
0.006200937554240227
0.00489225797355175
0.006456123199313879
0.006002558395266533
0.0030426322482526302
0.004041023086756468
0.0033038719557225704
0.0022675844375044107
0.005665063392370939
0.004790972452610731
0.0034505301155149937
0.004974817857146263
0.004321862943470478
0.004471575375646353
0.0047811842523515224
0.005099085625261068
0.0048098270781338215
0.006247454322874546
0.005956261418759823
0.004600408487021923
0.0052526602521538734
0.004810415208339691
0.004085179418325424
0.0030578654259443283
0.005441361106932163
0.004222620744258165
0.006037622690200806
0.00458550127223134
0.005175067577511072
0.004324627574533224
0.005340409465134144
0.005354018881917
0.005502708256244659
0.003375227563083172
0.006376117002218962
0.005151584278792143
0.004990662448108196
0.005666644778102636
0.003635516157373786
0.005357010290026665
0.004921075887978077
0.006323381792753935
0.0059020258486270905
0.0037083306815475225
0.001990152522921562
0.003787246998399496
0.002233365550637245
0.0034745733719319105
0.004118150100111961
0.005054931156337261
0.0036962961312383413
0.003059790236875415
0.004526988603174686
0.004143088590353727
0.0033281859941780567
0.0037211794406175613
0.004123866092413664
0.004858630709350109
0.004629131406545639
0.005050670821219683
0.004042092245072126
0.005097477696835995
0.00533091276884079
0.005485802423208952
0.0038725528866052628
0.0023657563142478466
0.0039033107459545135
0.004011893179267645
0.004323497414588928
0.004829127341508865
0.003918579779565334
0.004747182130813599
0.0031554221641272306
0.004311245866119862
0.004684081766754389
0.005112992599606514
0.006823628209531307
0.004690942354500294
0.00560806505382061
0.005404102616012096
0.006078243255615234
0.005370417144149542
0.005190914496779442
0.006083862390369177
0.005944547709077597
0.00594233488664031
0.005724092945456505
0.005129510536789894
0.006605991628021002
0.004856526851654053
0.00395549600943923
0.004618197679519653
0.006228308193385601
0.002258867956697941
0.004146258346736431
0.005601059179753065
0.0035588848404586315
0.002871990203857422
0.004440244287252426
0.0035693000536412
0.005439702421426773
0.0039001833647489548
0.005126157309859991
0.003558112308382988
0.003272608621045947
0.0018729803850874305
0.0024134251289069653
0.0031819716095924377
0.0043750000186264515
0.0018339389935135841
0.003703708527609706
0.004941841121762991
0.004399450495839119
0.0037128813564777374
0.0020565406884998083
0.00310414913110435
0.005452961660921574
0.005263940431177616
0.004344707354903221
0.005195852369070053
0.004269108176231384
0.0032594255171716213
0.003190496936440468
0.0021679122000932693
0.00195710314437747
0.0007182294502854347
0.001835003960877657
0.0026747742667794228
0.003275614930316806
0.006244178395718336
0.004289788659662008
0.0023803256917744875
0.0057814037427306175
0.004791544750332832
0.005278151016682386
0.0035045775584876537
0.005734264850616455
0.004727208521217108
0.0047144461423158646
0.0038377181626856327
0.00461224839091301
0.004342386033385992
0.0043707601726055145
0.0039231739938259125
0.004487154074013233
0.005113233812153339
0.0048859333619475365
0.006510295905172825
0.005519556812942028
0.006207390688359737
0.00519817229360342
0.005435427650809288
0.005064600147306919
0.005226067267358303
0.005227936431765556
0.0036427732557058334
0.003627255093306303
0.004891723860055208
0.005912273656576872
0.004330986179411411
0.005320399068295956
0.005688787903636694
0.006219413131475449
0.001991629134863615
0.0016093215672299266
0.004055255092680454
0.006165027152746916
0.005642368923872709
0.006200922187417746
0.0048962123692035675
0.008374664932489395
0.007145483046770096
0.004734057001769543
0.005507273133844137
0.004745683632791042
0.0067022452130913734
0.005899040959775448
0.00260646129027009
0.003934874199330807
0.00652674725279212
0.006456762086600065
0.0065367938950657845
0.0052813757210969925
0.004200839903205633
0.005195870995521545
0.004533642902970314
0.005624759942293167
0.003892265958711505
0.006121600046753883
0.0063036358915269375
0.006493024528026581
0.0064681293442845345
0.0053106690756976604
0.004165842197835445
0.005369470454752445
0.005386940203607082
0.004935485310852528
0.005419816356152296
0.004419319797307253
0.003219977719709277
0.004044732078909874
0.004391098394989967
0.0038812390994280577
0.004405545070767403
0.004412416368722916
0.003831559792160988
0.004123031627386808
0.002507876604795456
0.0037933536805212498
0.003687839489430189
0.005058130249381065
0.003974564373493195
0.0031254501082003117
0.005155203398317099
0.0025675450451672077
0.0024271500296890736
0.0057852305471897125
0.003948352299630642
0.002770076273009181
0.0055044591426849365
0.004764196462929249
0.00431847432628274
0.005241766106337309
0.002400421304628253
0.0028157983906567097
0.0025935093872249126
0.004537610337138176
0.005766654387116432
0.005247657652944326
0.0065391939133405685
0.004740406759083271
0.004892354365438223
0.003586139064282179
0.0043831574730575085
0.005792980547994375
0.0033914032392203808
0.005013592075556517
0.004734089598059654
0.004020994063466787
0.004834925290197134
0.0059375702403485775
0.0044381748884916306
0.004098646808415651
0.006315643899142742
0.0045553045347332954
0.006692484952509403
0.004665940999984741
0.004270855337381363
0.0034110918641090393
0.004124016501009464
0.005033890716731548
0.005749726668000221
0.004283863119781017
0.004017213825136423
0.004123914986848831
0.00291039003059268
0.005009627901017666
0.003524819388985634
0.004807011224329472
0.0027241664938628674
0.0025271447375416756
0.0033327527344226837
0.005229111760854721
0.0063132429495453835
0.007150586694478989
0.005570877343416214
0.004408096894621849
0.0047325934283435345
0.0036279172636568546
0.005363631993532181
0.004580697976052761
0.004609652329236269
0.006608934141695499
0.0054030148312449455
0.004614363424479961
0.004602070897817612
0.00298055587336421
0.0064608389511704445
0.006043229252099991
0.008121414110064507
0.0023973153438419104
0.005872116889804602
0.004902051296085119
0.005356687121093273
0.0051765237003564835
0.008818303234875202
0.006740441080182791
0.006957536563277245
0.006016883999109268
0.004919012077152729
0.006000912748277187
0.005101918708533049
0.004751939792186022
0.005621163174510002
0.006927556823939085
0.006107089575380087
0.0063201612792909145
0.0062388526275753975
0.006045132409781218
0.004482417367398739
0.004579163622111082
0.006404489278793335
0.006287639494985342
0.006194730754941702
0.0059662675485014915
0.0070722526870667934
0.005210149101912975
0.005576286464929581
0.003936417400836945
0.005293885245919228
0.004237537272274494
0.00556834926828742
0.006289598997682333
0.00545893982052803
0.006009239703416824
0.0064592743292450905
0.004124942235648632
0.0031237569637596607
0.004329691641032696
0.004404488485306501
0.005349057726562023
0.0047643911093473434
0.004056848585605621
0.0031440421007573605
0.0032051154412329197
0.005615632515400648
0.0042101116850972176
0.00512846140190959
0.003425455652177334
0.003340986091643572
0.0035980772227048874
0.003694741753861308
0.0050983792170882225
0.003534224582836032
0.005176002625375986
0.0038651414215564728
0.0037458331789821386
0.002634983276948333
0.0024278569035232067
0.0036885112058371305
0.0024665549863129854
0.0038802502676844597
0.0038804132491350174
0.004473680164664984
0.004399127326905727
0.004954155534505844
0.0029107059817761183
0.0036530306097120047
0.005784752778708935
0.0050459676422178745
0.005813228897750378
0.005435468629002571
0.004594746511429548
0.004050483927130699
0.004171956796199083
0.003993186168372631
0.002183043397963047
0.004994036164134741
0.004185040947049856
0.003687072079628706
0.003571761306375265
0.0035700234584510326
0.004894495941698551
0.0028786601033061743
0.004555252846330404
0.0022016544826328754
0.0029118466190993786
0.0037649529986083508
0.0029595147352665663
0.004013178404420614
0.004770250059664249
0.003050745464861393
0.0049726697616279125
0.004062647931277752
0.004768557380884886
0.0032660355791449547
0.0017786429962143302
0.002266643336042762
0.003875652328133583
0.005223088897764683
0.0032735567074269056
0.0038042000960558653
0.001843079924583435
0.0020312031265348196
0.0020227963104844093
0.003744315356016159
0.0050951289013028145
0.006609945558011532
0.006174616049975157
0.004704953171312809
0.004873430822044611
0.00441198144108057
0.007251938804984093
0.0061078788712620735
0.0044110906310379505
0.0063275485299527645
0.004863743670284748
0.003970918711274862
0.004225810989737511
0.0068141683004796505
0.007023561745882034
0.006934116594493389
0.010464878752827644
0.008012913167476654
0.007196658290922642
0.008627338334918022
0.007601444609463215
0.006104561500251293
0.0055592963472008705
0.005690997000783682
0.006141176447272301
0.0038664713501930237
0.0023861234076321125
0.005383710376918316
0.003067831275984645
0.005090347956866026
0.004981623496860266
0.004706964828073978
0.0037105109076946974
0.002960813930258155
0.003262745216488838
0.0036665918305516243
0.002093940507620573
0.0027543213218450546
0.002208591438829899
0.0026769170071929693
0.0024010834749788046
0.0035392362624406815
0.0018064538016915321
0.0030290742870420218
0.0041282931342720985
0.003223879961296916
0.0031304494477808475
0.003661416471004486
0.004160906653851271
0.0030742648523300886
0.0031381300650537014
0.003084747586399317
0.004722326062619686
0.0032970011234283447
0.003293003886938095
0.006222845055162907
0.01184839941561222
0.013397025875747204
0.013425061479210854
0.014619791880249977
0.013942303135991096
0.013334037736058235
0.014424564316868782
0.012236522510647774
0.011559492908418179
0.01088203489780426
0.011753750964999199
0.011121109127998352
0.009819140657782555
0.011053602211177349
0.009353243745863438
0.00936061143875122
0.010111425071954727
0.009850732982158661
0.01001099031418562
0.010048923082649708
0.010386604815721512
0.009805463254451752
0.010308854281902313
0.01075232308357954
0.009666278958320618
0.010621994733810425
0.010438589379191399
0.010487990453839302
0.010289771482348442
0.009502783417701721
0.010581528767943382
0.010323538444936275
0.0102647440508008
0.010398855432868004
0.011078430339694023
0.011288316920399666
0.010407209396362305
0.010964402928948402
0.010878022760152817
0.010031628422439098
0.010398168116807938
0.011693294160068035
0.010773117654025555
0.01131531223654747
0.01131138950586319
0.012317651882767677
0.010659489780664444
0.010331419296562672
0.010941024869680405
0.010333443060517311
0.009412774816155434
0.009561911225318909
0.010097690857946873
0.011485813185572624
0.010175216011703014
0.009879635646939278
0.009862443432211876
0.010954069904983044
0.012593276798725128
0.010782977566123009
0.01280469074845314
0.013358058407902718
0.013384758494794369
0.014029495418071747
0.012813410721719265
0.012552722357213497
0.013282544910907745
0.012627086602151394
0.012572172097861767
0.011793138459324837
0.010833046399056911
0.010769398882985115
0.010806150734424591
0.011931290850043297
0.010656255297362804
0.010250977240502834
0.010393200442194939
0.010817987844347954
0.010673812590539455
0.01195550337433815
0.012177104130387306
0.01218416541814804
0.012272234074771404
0.01094893366098404
0.010392331518232822
0.010810570791363716
0.011426545679569244
0.010990719310939312
0.010365955531597137
0.01068925391882658
0.01004164107143879
0.007729535456746817
0.009682771749794483
0.010591126047074795
0.008875752799212933
0.008200189098715782
0.009049682877957821
0.009229877963662148
0.010002635419368744
0.011117721907794476
0.010645141825079918
0.0100733432918787
0.009628405794501305
0.010304264724254608
0.009526167996227741
0.00983847863972187
0.01041402667760849
0.009853283874690533
0.01044660434126854
0.010215941816568375
0.009372761473059654
0.009225154295563698
0.009140711277723312
0.009315799921751022
0.00917397066950798
0.009510274976491928
0.008861075155436993
0.009327629581093788
0.009834433905780315
0.010214313864707947
0.009760190732777119
0.009925838559865952
0.009906351566314697
0.010408511385321617
0.01028121542185545
0.010350796394050121
0.009753657504916191
0.009549476206302643
0.009874626994132996
0.010765774175524712
0.011046746745705605
0.010953476652503014
0.00996013730764389
0.010118871927261353
0.01004910096526146
0.010417516343295574
0.009534889832139015
0.008798274211585522
0.00943726859986782
0.009750418365001678
0.009431709535419941
0.00919148325920105
0.00948680005967617
0.009780516847968102
0.010663330554962158
0.010730124078691006
0.014014503918588161
0.012043974362313747
0.011863188818097115
0.012079647742211819
0.013550341129302979
0.012510882690548897
0.014197519049048424
0.014341598376631737
0.013315374031662941
0.01395968534052372
0.013913779519498348
0.01448954176157713
0.013866263441741467
0.015049870125949383
0.010905854403972626
0.01092776469886303
0.011058702133595943
0.010586125776171684
0.010503808967769146
0.010844722390174866
0.012595183216035366
0.01041189394891262
0.011546935886144638
0.011073140427470207
0.01071880292147398
0.01068584993481636
0.011464295908808708
0.010388667695224285
0.01136048324406147
0.011043621227145195
0.01009113434702158
0.010334138758480549
0.010084891691803932
0.010761609300971031
0.010906752198934555
0.010760381817817688
0.009589007124304771
0.01131533645093441
0.010538015514612198
0.01088725309818983
0.010697757825255394
0.01417466625571251
0.010451920330524445
0.010856534354388714
0.010608874261379242
0.010972229763865471
0.013973216526210308
0.010816412977874279
0.012151307426393032
0.012873626314103603
0.012915076687932014
0.013753662817180157
0.013209785334765911
0.013223130255937576
0.012712983414530754
0.011971480213105679
0.012030430138111115
0.010547994635999203
0.011791395954787731
0.011936871334910393
0.01102428324520588
0.011350764892995358
0.011081742122769356
0.012469052337110043
0.011415700428187847
0.011572635732591152
0.00978104304522276
0.010835315100848675
0.010212711058557034
0.01045688521116972
0.010364560410380363
0.011191967874765396
0.01078909169882536
0.01053655706346035
0.010690433904528618
0.010613027960062027
0.010310549288988113
0.010799462907016277
0.008281035348773003
0.008992907591164112
0.00957576185464859
0.00953044556081295
0.010704325512051582
0.010363072156906128
0.009502982720732689
0.010998787358403206
0.010863086208701134
0.01052250899374485
0.01226573996245861
0.011813001707196236
0.011666549369692802
0.01147543080151081
0.011498868465423584
0.010652444325387478
0.01146476250141859
0.011332416906952858
0.011103547178208828
0.011166956275701523
0.01142470445483923
0.010955183766782284
0.009468447417020798
0.010373197495937347
0.010054845362901688
0.010218434035778046
0.008431297726929188
0.009915001690387726
0.008337270468473434
0.009862227365374565
0.009529897943139076
0.010070238262414932
0.010172863490879536
0.010610907338559628
0.011404736898839474
0.0124614667147398
0.011336207389831543
0.011414891108870506
0.01169968955218792
0.00999867357313633
0.011001626960933208
0.01110442727804184
0.009838147088885307
0.012211289256811142
0.010098607279360294
0.010231105610728264
0.012884838506579399
0.009873559698462486
0.009441877715289593
0.010101160034537315
0.011547796428203583
0.01065346971154213
0.011896873824298382
0.01210024580359459
0.011584113352000713
0.012645366601645947
0.01234699971973896
0.012011446058750153
0.011707458645105362
0.010579503141343594
0.011899461969733238
0.012555813416838646
0.012270036153495312
0.010882621631026268
0.011331669054925442
0.011241423897445202
0.010977670550346375
0.01100411918014288
0.010976581834256649
0.010216531343758106
0.010833818465471268
0.011871418915688992
0.012059202417731285
0.011261268518865108
0.011473583988845348
0.011321818456053734
0.01159784197807312
0.01220629271119833
0.012113667093217373
0.012256424874067307
0.0129848076030612
0.011995668523013592
0.011520856991410255
0.010832883417606354
0.012175551615655422
0.012017903849482536
0.012642732821404934
0.01192548405379057
0.012365216389298439
0.012145821005105972
0.012297767214477062
0.012666197493672371
0.011299414560198784
0.012068185955286026
0.012782878242433071
0.011964665725827217
0.01335838995873928
0.013145815581083298
0.011814448051154613
0.01098715141415596
0.010301478207111359
0.015044893138110638
0.017023157328367233
0.01767287403345108
0.014840676449239254
0.016324028372764587
0.009192363359034061
0.01190902292728424
0.01104810368269682
0.010961078107357025
0.01271217130124569
0.01135234721004963
0.010448576882481575
0.012332452461123466
0.011456817388534546
0.011080499738454819
0.01204051822423935
0.011601421982049942
0.011526316404342651
0.012377149425446987
0.012729956768453121
0.01329047977924347
0.013797923922538757
0.011104514822363853
0.010950340889394283
0.012931296601891518
0.011537773534655571
0.013712748885154724
0.011988903395831585
0.01342862844467163
0.0138921570032835
0.012531405314803123
0.014400283806025982
0.012129060924053192
0.013017969205975533
0.0131672453135252
0.013481764122843742
0.012675716541707516
0.014840180054306984
0.012518586590886116
0.01219234149903059
0.013294167816638947
0.012420072220265865
0.011331336572766304
0.012394636869430542
0.013034208677709103
0.01107450108975172
0.010921522043645382
0.013350813649594784
0.012709379196166992
0.011621575802564621
0.013924665749073029
0.013111840933561325
0.012888158671557903
0.011807305738329887
0.011412115767598152
0.010137397795915604
0.010743342339992523
0.010622050613164902
0.010485272854566574
0.01043793000280857
0.010136611759662628
0.01079056691378355
0.009666087105870247
0.009727208875119686
0.010196726769208908
0.010323364287614822
0.009647278115153313
0.01036719512194395
0.009705550968647003
0.009288204833865166
0.010076544247567654
0.009977883659303188
0.01049939077347517
0.011030672118067741
0.010549388825893402
0.009978209622204304
0.009710685350000858
0.009923470206558704
0.010131869465112686
0.009176638908684254
0.010488182306289673
0.010974839329719543
0.009309360757470131
0.010191403329372406
0.009275197051465511
0.00936019979417324
0.010772353038191795
0.008933148346841335
0.00977820623666048
0.011289145797491074
0.010705663822591305
0.010075196623802185
0.011911600828170776
0.010157877579331398
0.009010919369757175
0.01081414707005024
0.011254376731812954
0.010919067077338696
0.010844483971595764
0.011161528527736664
0.010728145018219948
0.009723925963044167
0.010894730687141418
0.010131658054888248
0.010706402361392975
0.010661712847650051
0.010677038691937923
0.011051285080611706
0.010492032393813133
0.010544367134571075
0.009408252313733101
0.009442290291190147
0.009491095319390297
0.008575700223445892
0.01014370284974575
0.010574143379926682
0.009379790164530277
0.009241684339940548
0.009727727621793747
0.009579627774655819
0.008985737338662148
0.0098043791949749
0.010339584201574326
0.010132205672562122
0.011045575141906738
0.01016296911984682
0.01088055968284607
0.009878805838525295
0.009790517389774323
0.010135684162378311
0.010374985635280609
0.009540711529552937
0.009214567951858044
0.01060512475669384
0.009806563146412373
0.009919176809489727
0.010136694647371769
0.010103818029165268
0.01027190312743187
0.009745346382260323
0.00961295422166586
0.010084308683872223
0.010020419023931026
0.009334314614534378
0.010372195392847061
0.010515481233596802
0.010003997012972832
0.0089838532730937
0.009002173319458961
0.009374743327498436
0.009618878364562988
0.009149658493697643
0.009483391419053078
0.010663739405572414
0.010042650625109673
0.010672565549612045
0.010863631032407284
0.010698072612285614
0.009509840048849583
0.015510584227740765
0.012314887717366219
0.013596795499324799
0.008019374683499336
0.011316638439893723
0.010601496323943138
0.009895659051835537
0.00946865975856781
0.011084683239459991
0.009599641896784306
0.009985912591218948
0.008144326508045197
0.009585156105458736
0.009135420434176922
0.00898532010614872
0.008540885522961617
0.009657315909862518
0.009760030545294285
0.00874804612249136
0.009517887607216835
0.009434434585273266
0.010420172475278378
0.009693568572402
0.009298015385866165
0.009110232815146446
0.011064516380429268
0.010636292397975922
0.009159604087471962
0.011026410385966301
0.010861041024327278
0.009229741059243679
0.0091332346200943
0.01000805851072073
0.011689483188092709
0.01205575093626976
0.01374700665473938
0.013948939740657806
0.01409957930445671
0.009252944961190224
0.010382254607975483
0.01451889332383871
0.011121859773993492
0.012283707968890667
0.009463007561862469
0.00990399532020092
0.009977784007787704
0.009323700331151485
0.010443324223160744
0.009937655180692673
0.010257869027554989
0.009904908947646618
0.01585831306874752
0.011255396530032158
0.015839627012610435
0.012140682898461819
0.011743593961000443
0.01354921143501997
0.013078447431325912
0.015381809324026108
0.011421149596571922
0.015731174498796463
0.011972509324550629
0.012355651706457138
0.01165378000587225
0.012926027178764343
0.010532978922128677
0.011400300078094006
0.011378112249076366
0.011510081589221954
0.010930392891168594
0.012738153338432312
0.011746088042855263
0.012021775357425213
0.013094156049191952
0.01298067532479763
0.0136145344004035
0.011397019028663635
0.01261969469487667
0.011874391697347164
0.012107951566576958
0.014281856827437878
0.01238928735256195
0.011296505108475685
0.00923975557088852
0.014026956632733345
0.01274288073182106
0.010669621638953686
0.014984811656177044
0.012385478243231773
0.01351733785122633
0.013245644979178905
0.01330912671983242
0.011421320959925652
0.01449410617351532
0.014359023422002792
0.014651075005531311
0.017989417538046837
0.013729537837207317
0.017357826232910156
0.015371879562735558
0.014378736726939678
0.015551965683698654
0.01809137687087059
0.017085367813706398
0.017526600509881973
0.01646525040268898
0.015045179054141045
0.01448977179825306
0.015297280624508858
0.015515340492129326
0.0163847878575325
0.016078023239970207
0.014740951359272003
0.016555888578295708
0.014321133494377136
0.01595335453748703
0.018058259040117264
0.015777314081788063
0.015208265744149685
0.016334516927599907
0.015498455613851547
0.015504207462072372
0.01445843931287527
0.013934480026364326
0.017802318558096886
0.014341752044856548
0.015103261917829514
0.016843846067786217
0.01769496500492096
0.01534980721771717
0.01805194281041622
0.014812907204031944
0.016454342752695084
0.017346708104014397
0.011356635019183159
0.01564197428524494
0.015044949017465115
0.012296641245484352
0.014712592586874962
0.01440711971372366
0.017850236967206
0.01840074360370636
0.017511796206235886
0.016419149935245514
0.01607378013432026
0.01618453860282898
0.017617302015423775
0.017332155257463455
0.01842786744236946
0.017509564757347107
0.01575012318789959
0.013147508725523949
0.011518118903040886
0.012305045500397682
0.01578865386545658
0.01670137047767639
0.011374210938811302
0.01223368477076292
0.013347173109650612
0.010490771383047104
0.011898244731128216
0.010286971926689148
0.011686662212014198
0.011372657492756844
0.01109751220792532
0.010597048327326775
0.0105814877897501
0.01414491981267929
0.012620009481906891
0.01030635554343462
0.009937934577465057
0.010164691135287285
0.011899091303348541
0.013595707714557648
0.010762430727481842
0.011130301281809807
0.011339835822582245
0.011458615772426128
0.011394391767680645
0.010417720302939415
0.012341741472482681
0.011878397315740585
0.013069560751318932
0.010836564004421234
0.014053030870854855
0.009901465848088264
0.008728149347007275
0.012650253251194954
0.012355918996036053
0.010316851548850536
0.012511622160673141
0.009708346799015999
0.010159824043512344
0.011396701447665691
0.014558530412614346
0.013051815330982208
0.010830838233232498
0.012612337246537209
0.00939452089369297
0.013546294532716274
0.011713916435837746
0.012193731963634491
0.011737832799553871
0.011111403815448284
0.01641310378909111
0.011274157091975212
0.011694236658513546
0.010703206062316895
0.015204519033432007
0.013853400945663452
0.011554467491805553
0.012311184778809547
0.013298312202095985
0.011443458497524261
0.014120485633611679
0.012711934745311737
0.012206043116748333
0.014052472077310085
0.011151665821671486
0.010877965949475765
0.01002550683915615
0.011255694553256035
0.01704115979373455
0.014312326908111572
0.014133970253169537
0.011540530249476433
0.011813844554126263
0.01025012880563736
0.011925439350306988
0.012500157579779625
0.014651271514594555
0.016928717494010925
0.014208709821105003
0.013624670915305614
0.012414006516337395
0.012268517166376114
0.011278617195785046
0.010962983593344688
0.012137672863900661
0.011839641258120537
0.01691906712949276
0.01394264679402113
0.015028919093310833
0.012346005067229271
0.012357112020254135
0.01150708831846714
0.011200010776519775
0.012226846069097519
0.011369207873940468
0.011557584628462791
0.011167390272021294
0.01145736314356327
0.013798221945762634
0.010729571804404259
0.010977971367537975
0.010941153392195702
0.010930513963103294
0.01114383153617382
0.011799651198089123
0.009945227764546871
0.011327347718179226
0.010594065301120281
0.011037848889827728
0.01210224162787199
0.012506386265158653
0.010834356769919395
0.013907046988606453
0.011390939354896545
0.012375778518617153
0.011204466223716736
0.011649194173514843
0.010623372159898281
0.011032946407794952
0.012048143893480301
0.010758562944829464
0.016357723623514175
0.013856584206223488
0.010785910300910473
0.015200292691588402
0.01603638008236885
0.015406392514705658
0.016882074996829033
0.01658828929066658
0.015520062297582626
0.01572153903543949
0.017709067091345787
0.01595114916563034
0.01408197358250618
0.016115736216306686
0.015401019714772701
0.015043235383927822
0.015213030390441418
0.012148170731961727
0.01690424047410488
0.015777140855789185
0.01485220156610012
0.014154268428683281
0.015709135681390762
0.010571051388978958
0.015768878161907196
0.013871761038899422
0.011874368414282799
0.014652743004262447
0.012831434607505798
0.010708408430218697
0.011922977864742279
0.010818778537213802
0.012786619365215302
0.01258845441043377
0.013943522237241268
0.010991115123033524
0.014885498210787773
0.011178895831108093
0.010662266984581947
0.01385566033422947
0.014177816919982433
0.011121422052383423
0.010514406487345695
0.012837380170822144
0.013624860905110836
0.011529361829161644
0.013203375041484833
0.010547658428549767
0.013013690710067749
0.010934005491435528
0.013700010254979134
0.011064274236559868
0.011882681399583817
0.010982831940054893
0.011790847405791283
0.01156628504395485
0.01100806426256895
0.011282267980277538
0.011152131482958794
0.011656533926725388
0.011647632345557213
0.011746595613658428
0.015119555406272411
0.011776297353208065
0.011701257899403572
0.014337722212076187
0.012176303192973137
0.014546121470630169
0.010613016784191132
0.012560221366584301
0.010366911068558693
0.011411895975470543
0.011487895622849464
0.011872134171426296
0.012770092114806175
0.017922282218933105
0.01529578398913145
0.012141920626163483
0.012701692059636116
0.012309165671467781
0.01186368428170681
0.011942114681005478
0.012149262242019176
0.011932890862226486
0.01250830851495266
0.011552482843399048
0.011879689991474152
0.011613844893872738
0.010930933058261871
0.011982478201389313
0.011280728504061699
0.011502194218337536
0.01243999507278204
0.01202123612165451
0.011815255507826805
0.014254532754421234
0.011965750716626644
0.014645694755017757
0.014260496012866497
0.011963283643126488
0.012340008281171322
0.01463024690747261
0.012984609231352806
0.011034078896045685
0.01027838047593832
0.011320579797029495
0.01892746612429619
0.0178518146276474
0.01836640201508999
0.018680762499570847
0.017248529940843582
0.017682069912552834
0.015364410355687141
0.01572982594370842
0.015882467851042747
0.013874227181077003
0.014574570581316948
0.013875111006200314
0.014436634257435799
0.013904476538300514
0.014763204380869865
0.0151019636541605
0.012984059751033783
0.01406895648688078
0.013887718319892883
0.012202098034322262
0.012953948229551315
0.013491052202880383
0.012964664027094841
0.013387690298259258
0.012486635707318783
0.013772285543382168
0.012722020968794823
0.011367346160113811
0.01316695287823677
0.014170384034514427
0.015080852434039116
0.013742273673415184
0.01454479992389679
0.014236587099730968
0.014719347469508648
0.011955676600337029
0.01377764344215393
0.01501031219959259
0.016013003885746002
0.014859266579151154
0.014412552118301392
0.014866666868329048
0.015409070998430252
0.01509061735123396
0.01405796967446804
0.014840538613498211
0.012647569179534912
0.013782265596091747
0.014154205098748207
0.014603259973227978
0.015027052722871304
0.013352401554584503
0.01533518172800541
0.01417427510023117
0.014153575524687767
0.014611846767365932
0.016681181266903877
0.015531025826931
0.016674557700753212
0.015636160969734192
0.015519378706812859
0.015746021643280983
0.015360694378614426
0.015077238902449608
0.016439110040664673
0.01590149849653244
0.015885885804891586
0.015237648040056229
0.014951126649975777
0.016546647995710373
0.001618511276319623
0.0014757863245904446
0.0006986003136262298
0.0010439699981361628
0.0007731613586656749
0.0014713759301230311
0.001280244905501604
0.0011964221484959126
0.00321021000854671
0.0015204385854303837
0.0023778544273227453
0.002453300403431058
0.0009209471754729748
0.0021513081155717373
0.0017300560139119625
0.0009878332493826747
0.0024245004169642925
0.0026229904033243656
0.0029458606150001287
0.0026227585040032864
0.0031715179793536663
0.0031309560872614384
0.002762847114354372
0.003709120210260153
0.0027056578546762466
0.0014493339695036411
-5.490255352924578e-05
-0.00023316670558415353
0.0003407347830943763
0.0005522704450413585
-3.479173028608784e-05
0.0003717982617672533
0.00034726783633232117
-0.0003844766761176288
0.000430456071626395
0.0036478042602539062
0.004662662744522095
0.003400257555767894
0.002638673409819603
0.003461560932919383
0.0024044490419328213
0.003230889094993472
0.004925655201077461
0.002393292263150215
0.0022859061136841774
0.002718870062381029
0.0033535249531269073
0.005767017602920532
0.004494315013289452
0.004968633875250816
0.004489982035011053
0.004467179533094168
0.0034863778855651617
0.0017284948844462633
0.0016612866893410683
0.00011173108214279637
0.0012663652887567878
0.0027744919061660767
0.0025753758382052183
0.0017251534154638648
0.0008149868808686733
-0.00019925646483898163
0.0012625576928257942
0.002548768650740385
0.0025886287912726402
0.0018895261455327272
0.0021541500464081764
1.7200753063661978e-05
0.0008951164782047272
8.837164932629094e-05
0.002487507648766041
0.0036574220284819603
0.0029627373442053795
0.0031714951619505882
0.0035277639981359243
0.0035519301891326904
0.0029391045682132244
0.0037601757794618607
0.0033018789254128933
0.0030306237749755383
0.002818067092448473
0.0023249913938343525
0.002708322834223509
0.002283379202708602
0.0017087017185986042
0.0015004751039668918
0.001297656213864684
0.0015893657691776752
0.00201207771897316
0.003159893210977316
0.0029271203093230724
0.003457292914390564
0.0026903096586465836
0.003452350851148367
0.0025631114840507507
0.0027913141530007124
0.002087024971842766
0.0027608033269643784
0.002555490005761385
0.003002692013978958
0.002531623002141714
0.001902956049889326
0.0029718689620494843
0.0027014026418328285
0.0032441341318190098
0.0025415632408112288
0.002511997940018773
0.002835068851709366
0.0028697955422103405
0.003237826284021139
0.002061765640974045
0.0022106319665908813
0.00029268799698911607
0.0001140072345151566
-0.00015534073463641107
0.0003521922044456005
0.0011870738817378879
1.8603324861032888e-05
-0.00011319776240270585
0.00046261120587587357
0.0008111080969683826
0.0027521138545125723
0.005104335956275463
0.003133179619908333
0.0032998500391840935
0.0036899722181260586
0.0030425097793340683
0.0023834649473428726
0.0020365528762340546
0.0015223484952002764
0.001289905747398734
-8.648804941913113e-05
0.0018032994121313095
0.0012507797218859196
0.0016412365948781371
-0.0003844577295240015
-0.00024391477927565575
0.0006415066309273243
0.0009057074785232544
0.0022519303020089865
0.0035495455376803875
0.005276133306324482
0.0034659113734960556
0.002207687823101878
0.003430217271670699
0.002657609758898616
0.003861871315166354
0.003835885552689433
0.0017119674012064934
0.0018003679579123855
0.0021423008292913437
0.0012077456340193748
0.002588104223832488
0.0017550851916894317
0.0014322347706183791
0.0014110719785094261
0.0012401718413457274
-0.0005954296211712062
0.0003439605643507093
0.0003595176967792213
-0.0007205630536191165
-0.0005500054685398936
0.0005731809651479125
0.0018525412306189537
0.0020313728600740433
0.0030935953836888075
0.005922430660575628
0.006420619785785675
0.005221299361437559
0.004817043896764517
0.0039042923599481583
0.0035104528069496155
0.00370211573317647
0.003511957358568907
0.002330802846699953
0.00269855628721416
0.0038623909931629896
0.003465163055807352
0.002227726159617305
0.0034744988661259413
0.0036787698045372963
0.002885888796299696
0.002548761432990432
-0.00013675293303094804
0.0006461930461227894
0.00030253161094151437
0.0009932888206094503
0.000813776976428926
0.0018756402423605323
0.001584482379257679
0.0025613619945943356
0.003224086482077837
0.00037827296182513237
-0.00037398841232061386
0.000573950819671154
0.0011875005438923836
0.0004169324820395559
0.002715067705139518
0.00282877660356462
0.002550713252276182
0.0021515097469091415
0.0021892916411161423
0.0017313994467258453
0.0017362501239404082
0.0023143799044191837
0.0023455549962818623
0.0025023058988153934
0.0013205483555793762
0.0008369561983272433
0.0013144350377842784
0.0013211378827691078
0.001559009193442762
-0.0008234482957050204
0.00054166343761608
0.0005365791730582714
0.0013294763630256057
0.00039716996252536774
0.0013971326407045126
0.002317817648872733
0.002400436205789447
0.0031788561027497053
0.003689559642225504
0.002172264736145735
0.001448118477128446
0.0033545938786119223
0.0030360145028680563
0.003247898770496249
0.0022196874488145113
0.0023249348159879446
0.0023409617133438587
0.0021407506428658962
0.0020167238544672728
0.0012488210340961814
0.0026809731498360634
0.0027494095265865326
0.0015701872762292624
-0.001151752076111734
0.0006731401081196964
0.0013104584068059921
0.0011467167641967535
0.0020507597364485264
0.00210387771949172
0.0023737119045108557
0.0013368226354941726
0.001329008024185896
0.002258013002574444
0.0024380837567150593
0.0006254818290472031
0.0002174736000597477
0.0005005457205697894
0.0003084534255322069
0.0013829674571752548
0.0033012540079653263
0.0027488365303725004
0.0030735167674720287
0.004464126192033291
0.004210039507597685
0.0034652911126613617
0.003942587412893772
0.002801358699798584
0.00254776026122272
0.0030754252802580595
0.0024912874214351177
0.0025353445671498775
0.0030346482526510954
0.002424580277875066
0.0015542898327112198
0.0013790400698781013
0.0012963209301233292
0.0015828749164938927
0.0028819271828979254
0.002579148393124342
0.0015024200547486544
0.0010442174971103668
0.0009683004464022815
0.0013308888301253319
0.0006738535012118518
-0.0015112869441509247
-0.0013134593609720469
-0.0015087410574778914
-0.0004143019614275545
-0.0007542732055298984
0.0007016555173322558
0.0010256695095449686
0.0011216432321816683
0.0006242155795916915
0.0005562365986406803
-0.00015829363837838173
0.0013991742162033916
0.002119398210197687
0.002416473813354969
0.003869043430313468
0.002274459693580866
-0.001220553764142096
0.0005835470510646701
0.0016275657108053565
0.0017109126783907413
0.0036065219901502132
0.0038555271457880735
0.004787163808941841
0.004221886396408081
0.0035060930531471968
0.0034389484208077192
0.004363126587122679
0.004681465215981007
0.0036206915974617004
0.003731227247044444
0.0029746550135314465
0.0038920273073017597
0.003931138664484024
0.0037421861197799444
0.004017110913991928
0.0035846089012920856
0.002519115572795272
0.0035478451754897833
0.0038357339799404144
0.0037684382405132055
0.003642868949100375
0.004229200072586536
0.0033655595034360886
0.003387032775208354
0.0033020153641700745
0.0028700432740151882
0.002005846705287695
0.0003528458473738283
0.0027854337822645903
0.0036589615046977997
0.0031517166644334793
0.0024916750844568014
0.0015846540918573737
0.0028707031160593033
0.003915516659617424
0.0037149160634726286
0.0037220637314021587
0.003578785341233015
0.0006823785370215774
0.00031327115721069276
-9.870281064650044e-05
0.00010899407789111137
0.0016067817341536283
0.0017000011866912246
0.001722301123663783
0.0018147409427911043
0.0008208466460928321
-0.0008580415742471814
-0.0007074559107422829
-0.0013738395646214485
-0.0014012970495969057
-0.0019093839218840003
-0.00046138837933540344
-0.002904154360294342
-0.001913001760840416
-0.001773778349161148
-0.001959302695468068
-0.0018206520471721888
9.07092726265546e-06
-0.0008131283102557063
-0.002059569349512458
-0.0022614109329879284
-0.0016735491808503866
-0.0002740418422035873
0.0030592032708227634
0.0009642731165513396
-0.0005595204420387745
-0.0002922366256825626
0.0012160842306911945
0.0008847708813846111
0.001718141371384263
0.0020838589407503605
-0.0007402461487799883
0.003166385693475604
0.004484014585614204
0.004369545262306929
0.004407533444464207
0.00513252429664135
0.0008118236437439919
-0.0011729646939784288
0.00021357135847210884
-0.0005136867985129356
-0.0014593913219869137
0.00019725551828742027
-3.561315679689869e-05
-0.0010198443196713924
0.0012349719181656837
0.0030447999015450478
0.0036821074318140745
0.003842804580926895
0.0032858001068234444
0.0010918674524873495
0.0010795471025630832
0.00018085695046465844
0.0017335186712443829
0.0015362402191385627
0.002244776114821434
0.00274632778018713
0.002033331198617816
0.0010093258460983634
0.001936527667567134
0.0020086499862372875
0.0025212010368704796
0.00111646787263453
0.0009919417789205909
0.0014387385454028845
0.0015442188596352935
0.002834309358149767
0.0029476522468030453
0.0014809276908636093
0.001223504776135087
0.0032281733583658934
0.0022185153793543577
0.0025794608518481255
0.0030507713090628386
0.0017153419321402907
0.0004033160803373903
0.0007792270625941455
0.0011232849210500717
0.0030313334427773952
0.0013971965527161956
0.003308013081550598
0.004836000502109528
0.0037549592088907957
0.0030615131836384535
0.0029179048724472523
0.003573175286874175
0.0034735440276563168
0.003227857407182455
0.0039625815115869045
0.002187049714848399
0.0013160341186448932
0.001870351261459291
0.0013848987873643637
0.0017961179837584496
0.0009488982032053173
0.0017809233395382762
0.0035338611342012882
0.0021193018183112144
0.0026918365620076656
0.004273032303899527
0.0032841977663338184
0.003033241955563426
0.0034426413476467133
0.0027817911468446255
0.0032101511023938656
0.003969455603510141
0.003960536792874336
0.0036866660229861736
0.004465728532522917
0.003728679148480296
0.00231217872351408
0.0033117912244051695
0.002841572044417262
0.0025488489773124456
0.0027453105431050062
0.0028225299902260303
0.00222361134365201
0.003551873844116926
0.0028751827776432037
-0.00020103747374378145
0.002453791443258524
0.0028321396093815565
0.003774372860789299
0.003811292815953493
0.0038485981058329344
0.00355456187389791
0.004151332192122936
0.004543437622487545
0.0033508208580315113
0.0035687419585883617
0.0030778064392507076
0.0034330561757087708
0.0032102512195706367
0.0024214880540966988
0.0034293083008378744
0.003127051517367363
0.0031124199740588665
0.002030330942943692
0.0018078824505209923
0.0023068597074598074
0.0009253760799765587
0.00013108008715789765
-0.0003672027960419655
0.0001586329599376768
0.00020846803090535104
-0.000254221900831908
0.0002776285109575838
0.0011495224898681045
0.0007265199674293399
-6.374344229698181e-05
-0.00045879348181188107
-0.0017032946925610304
-0.0009673216845840216
0.0032109422609210014
0.004032419063150883
0.0039009866304695606
0.003810361959040165
0.0027560442686080933
0.0031181916128844023
0.001294469926506281
-0.001528665772639215
0.00019304889428894967
0.00044346507638692856
-5.7846154959406704e-05
-3.3810116292443126e-05
0.0026577801909297705
0.0027403717394918203
0.003326433477923274
0.004227601457387209
0.00305180624127388
0.004166293423622847
0.0017395023023709655
0.002915802877396345
0.0029656074475497007
0.0035805541556328535
0.0040947990491986275
0.00253663444891572
0.003429783508181572
0.0017856875201687217
0.0022030759137123823
0.0013020894257351756
0.0010281311115249991
0.0026110364124178886
0.0026227037888020277
0.0015888388734310865
0.002761315554380417
-7.556052878499031e-05
0.00249032536521554
0.003784660715609789
0.003419052343815565
0.003456480335444212
0.0037237321957945824
0.004012220539152622
0.003828867804259062
0.0042815133929252625
0.004452238790690899
0.00040668807923793793
-0.0005704577779397368
-0.0005381791852414608
-0.0013981362571939826
-0.0013526891125366092
-0.000714890833478421
-0.0006850180216133595
-0.0002647346700541675
0.0004053305310662836
0.0009304796112701297
0.0010533627355471253
0.0007787064532749355
0.0008160347933880985
0.00031816092086955905
0.00034072421840392053
0.0008440843666903675
0.0007589186425320804
0.0015263729728758335
-0.0013509585987776518
-0.0020334573928266764
-0.0013954546302556992
-0.001505254185758531
-0.0003828304761555046
-0.0010344521142542362
-0.0005947860772721469
-0.0005058031529188156
0.0004017458704765886
-0.0007644350989721715
0.00034249963937327266
0.0006790393963456154
0.0012686534319072962
0.0009517000871710479
0.0005537010147236288
-0.0019446676596999168
-0.002273120451718569
-0.0015491629019379616
-0.0016815864946693182
-0.0015979569870978594
0.0002374439500272274
0.0009903023019433022
0.0019918608013540506
0.00279686669819057
0.002251559402793646
0.0028392092790454626
0.0018010763451457024
0.002131830435246229
0.0007224950823001564
0.0018954811384901404
0.001947347423993051
0.00271158991381526
0.003051782725378871
0.0019092503935098648
3.5244662285549566e-05
0.0010607903823256493
0.0011021451791748405
0.0012599086621776223
0.0005307036335580051
0.0008209681836888194
0.0009575047297403216
0.001173612428829074
0.0007598332013003528
0.0013764072209596634
4.388826710055582e-05
0.0005865035345777869
0.0012044135946780443
0.0016952597070485353
0.001138683408498764
0.0012922128662467003
0.0022090142592787743
0.0006981284241192043
0.0007611339678987861
0.0007721988367848098
0.0001768544316291809
8.221855387091637e-05
0.00015868805348873138
0.00042604500777088106
-0.00011275227734586224
0.0010558882495388389
-0.0006682468811050057
0.00024234456941485405
-0.0015142066404223442
-2.8443988412618637e-05
0.0007797227008268237
0.00024134013801813126
0.00020891879103146493
0.00031770006171427667
0.0007979595102369785
-3.605661913752556e-05
0.0010294020175933838
0.0007318821735680103
0.0021325619891285896
0.0035534591879695654
0.0016954136081039906
0.00037616584450006485
0.0004337948630563915
0.0008450827444903553
0.001501106540672481
0.0014060528483241796
0.0005902713164687157
0.001561461016535759
0.00021207131794653833
-1.820347642933484e-05
-0.0012939515290781856
-0.0004039490595459938
0.0010647873859852552
0.0018154117278754711
0.0010261624120175838
0.0015989674720913172
0.0016158774960786104
-7.796939462423325e-05
0.0021663240622729063
0.0012859320268034935
0.0013142632087692618
-0.0008490699110552669
0.0006942786276340485
0.00033497391268610954
0.0009500822052359581
0.0016012522391974926
0.0016635563224554062
0.0012952564284205437
0.00034215254709124565
0.0018452552612870932
0.0023619120474904776
0.002304860856384039
0.002280130982398987
0.002173620043322444
0.001683112932369113
0.000796568114310503
0.0014577418332919478
0.0018273693276569247
0.0024333707988262177
0.002392806578427553
0.0017181913135573268
0.0021661026403307915
0.003221062943339348
0.0033112165983766317
0.0028065438382327557
0.002530410885810852
0.0017025260021910071
0.0013630269095301628
0.0013990162406116724
0.002293022582307458
0.0018956863787025213
0.002187092090025544
0.0029208071064203978
0.001500066602602601
0.0024389750324189663
0.0023599378764629364
0.0013694397639483213
0.0009998915484175086
0.0018579078605398536
0.0019066166132688522
0.001340976683422923
-0.0008579598506912589
-0.0001748800277709961
-0.0005061700940132141
0.0027338694781064987
0.009470595978200436
-0.0017167904879897833
-0.010533619672060013
-0.0001817663141991943
0.008373006246984005
-0.0004094342584721744
-0.001662395428866148
-0.0005799080245196819
-0.00032831140561029315
8.575696119805798e-05
0.0007639424875378609
-0.0013096248731017113
-0.00046117775491438806
0.0004864855145569891
-5.478256935020909e-05
0.0009713694453239441
0.0009164895745925605
0.0009000219288282096
9.041791781783104e-05
0.001206392771564424
0.001366402953863144
0.0009685027180239558
7.460825145244598e-05
-0.00029337298474274576
5.113783845445141e-05
0.0005167961935512722
9.166356176137924e-05
-2.1201403797022067e-05
0.00038152578053995967
0.0004932700539939106
0.001536783529445529
0.0006106031942181289
0.000779448077082634
-0.0005514244548976421
4.268049815436825e-05
0.0005316021852195263
0.0009598744800314307
0.0011827831622213125
-0.00034419013536535203
0.0006794588407501578
0.000717627233825624
0.0013675749069079757
-0.00016739142301958054
0.0003347473102621734
0.0005040852120146155
0.0016517527401447296
0.00028881648904643953
0.0010517053306102753
0.000627479690592736
0.0005580669967457652
0.00023300372413359582
0.0010096943005919456
0.0010618504602462053
0.0010373261757194996
0.0009656236506998539
6.976693111937493e-05
0.00010981240484397858
0.0010627496521919966
0.0012011104263365269
-0.000740405754186213
-0.00042974422103725374
-0.0018374964129179716
-0.002280021784827113
-0.0011725837830454111
-0.0007100095390342176
-0.00030434923246502876
7.200706750154495e-05
0.00045363683602772653
0.0008743537473492324
-0.0010940581560134888
-0.0002725892700254917
0.0009618724579922855
0.0009299678495153785
0.0009310414898209274
0.0007727649062871933
0.0008595739491283894
0.001690497389063239
0.0008012013277038932
0.001245432416908443
0.0006244934047572315
0.00048184924526140094
0.0006133364513516426
0.0007811814430169761
0.0013048945693299174
0.0008171346853487194
0.0011262701591476798
0.0008011003956198692
0.0007647400489076972
0.0004257519613020122
-0.0002806736156344414
0.001566457562148571
0.00036907027242705226
0.00045231994590722024
-0.001372320344671607
-0.00036408676533028483
0.0006805011071264744
-0.0006771925836801529
-0.0022303848527371883
-0.000989768304862082
6.902854511281475e-05
-0.0009835974778980017
-0.0011928046587854624
0.0009746014839038253
-0.00037598906783387065
0.0010914113372564316
0.0002798442728817463
0.0011016980279237032
0.0021621878258883953
0.0017605306347832084
0.0007401687907986343
0.0016028117388486862
0.00256852968595922
0.0004761198943015188
0.0015464152675122023
0.00018350392929278314
0.0005018084193579853
0.0006850854260846972
0.0006384725566022098
0.0010349903022870421
0.0020008955616503954
0.0014260453172028065
0.0018298560753464699
0.0007427409291267395
-0.00011122242722194642
0.0006409537745639682
6.398186087608337e-07
-0.0008105479064397514
-4.4047679693903774e-05
-0.0008673800039105117
-0.0003292428737040609
-0.00011185044422745705
-0.0002741644566413015
-0.00023598317056894302
0.00083081831689924
0.0006254630861803889
7.153566548367962e-05
0.0004873840953223407
0.0005128895863890648
0.000582745939027518
0.0005499768885783851
0.0009062051540240645
0.00045937145478092134
0.0008868288132362068
-0.00019608484581112862
-0.0019412420224398375
-0.0016259653493762016
-0.00040305545553565025
-0.00020816363394260406
0.0005476968362927437
0.000798346009105444
0.0008814887842163444
0.0006303935078904033
0.0011404062388464808
-0.002059825463220477
-0.0010178700322285295
-0.0007705687312409282
0.0007924232631921768
0.00046819838462397456
-0.0004985202103853226
-0.0014171814545989037
-0.002023636829108
-0.0011241042520850897
-0.00040066600195132196
-0.0013914026785641909
-0.0009456477127969265
-0.0012334538623690605
7.638009265065193e-05
0.00014595393440686166
-0.0005711246631108224
-0.0002699822071008384
-0.0008747686515562236
-6.280265370151028e-05
0.0003280173987150192
0.0005504346336238086
0.00033462452120147645
0.0005048245075158775
0.0006722360849380493
0.0008660749299451709
0.00020855448383372277
0.0009766689036041498
0.0008570027421228588
0.001722655026242137
0.00044496249756775796
0.00102125178091228
9.70037654042244e-05
0.00021555244165938348
-0.00022455088037531823
0.00042148493230342865
-0.00023534041247330606
-0.0015644896775484085
-0.0013750221114605665
-0.00030035836971364915
-0.0004713305679615587
-0.00015610083937644958
-0.00047207841998897493
0.00048574618995189667
0.00046228774590417743
-0.0005437337676994503
0.00021600490435957909
0.00010944142559310421
0.00016891336417756975
0.0011931192129850388
0.0007413685088977218
0.0010934141464531422
0.0005592252127826214
0.001184609136544168
0.0005394559120759368
0.0010630099568516016
-0.0005920855328440666
-0.0016133924946188927
-0.00077228550799191
-0.0007239457918331027
0.0009036748670041561
0.002149547915905714
0.001442008069716394
0.0015137263108044863
0.001516306190751493
0.0017000231891870499
0.0016843907069414854
0.0010575687047094107
0.0016875192523002625
0.003013746812939644
0.0025694891810417175
-0.00027351052267476916
-0.00016051516286097467
0.00011789876589318737
0.0013807439245283604
0.0024945633485913277
0.00039995694532990456
-0.0008792918524704874
0.0006064068293198943
0.0006193301524035633
0.00047904797247610986
0.00043271685717627406
0.00029318005545064807
0.00029434854513965547
0.0002499676193110645
-0.00033320891088806093
-0.0012817623792216182
-0.0013249696930870414
-0.0011056250659748912
-0.000987654784694314
0.00012367421004455537
0.0002496627566870302
0.0004510351864155382
-0.00044888973934575915
0.001503078150562942
0.0010255927918478847
-0.000715168658643961
-0.0030520004220306873
-0.00176457897759974
-0.0008957750978879631
-0.0032145080622285604
-0.002502323593944311
-0.00328701245598495
-0.0012242787051945925
-0.003369887825101614
-0.003267889376729727
-0.0028838454745709896
-0.002236542757600546
-0.0006437594420276582
-0.00040624942630529404
-0.002232249593362212
-0.001777859404683113
-0.001160169718787074
0.0005064246943220496
0.0011860339436680079
0.0008256281726062298
0.0008596123079769313
0.0008820882067084312
0.011436639353632927
0.012102900072932243
0.01124049536883831
0.010784775018692017
0.008902836591005325
0.013161582872271538
0.012000931426882744
0.010210956446826458
0.010139098390936852
0.012646673247218132
0.012790624052286148
0.012545730918645859
0.012995634227991104
0.01957397721707821
0.01811409555375576
0.015836330130696297
0.017391113564372063
0.016958583146333694
0.01338733360171318
0.013699214905500412
0.01341245323419571
0.013682044111192226
0.014066791161894798
0.01652374491095543
0.008693883195519447
0.007631988730281591
0.0075865029357373714
0.00997855793684721
0.008762054145336151
0.005181558895856142
0.006460803560912609
0.006633067037910223
0.012281711213290691
0.008300716988742352
0.012730328366160393
0.008169000968337059
0.012082291767001152
0.010112408548593521
0.014347787015140057
0.014679623767733574
0.011493164114654064
0.01325028296560049
0.013286306522786617
0.012582492083311081
0.013348555192351341
0.011398504488170147
0.012233072891831398
0.012292696163058281
0.012532985769212246
0.011703903786838055
0.01042822003364563
0.013715563341975212
0.009468110278248787
0.009598510339856148
0.016239484772086143
0.015194229781627655
0.014537404291331768
0.015326699241995811
0.015277640894055367
0.012134741060435772
0.012335553765296936
0.010892289690673351
0.011980947107076645
0.013049735687673092
0.013044718652963638
0.01310681365430355
0.01152313407510519
0.019068486988544464
0.02458571456372738
0.014221894554793835
0.01501096598803997
0.01586196944117546
0.012678969651460648
0.0165846087038517
0.013717095367610455
0.01809927448630333
0.021707503125071526
0.016281889751553535
0.015392432920634747
0.03085482120513916
0.01546727865934372
0.013455264270305634
0.012750901281833649
0.011477774009108543
0.014077152125537395
0.012148261070251465
0.016079461202025414
0.012526532635092735
0.0133577985689044
0.012095307931303978
0.009974418208003044
0.011299638077616692
0.010801627300679684
0.014832458458840847
0.01306075882166624
0.010572338476777077
0.007859984412789345
0.011703453958034515
0.009871596470475197
0.008740292862057686
0.009631852619349957
0.009278959594666958
0.010407181456685066
0.01120246946811676
0.011132024228572845
0.014194728806614876
0.011691436171531677
0.010808074846863747
0.0097749512642622
0.010623915120959282
0.010408405214548111
0.010722411796450615
0.010639676824212074
0.01269055437296629
0.011890625581145287
0.011488785967230797
0.014517050236463547
0.010516516864299774
0.007652164902538061
0.007787263952195644
0.010870791971683502
0.013956774026155472
0.007670717313885689
0.009931856766343117
0.009712377563118935
0.015223478898406029
0.011227361857891083
0.014169393107295036
0.012832043692469597
0.01222103089094162
0.011818303726613522
0.012017510831356049
0.011925511062145233
0.013369088992476463
0.01333876233547926
0.010582340881228447
0.011149166151881218
0.014481214806437492
0.013612281531095505
0.010807575657963753
0.011539595201611519
0.008524779230356216
0.01573285087943077
0.014481864869594574
0.01252608373761177
0.010504165664315224
0.013476604595780373
0.016857769340276718
0.01415322721004486
0.013177141547203064
0.012453785166144371
0.012643164955079556
0.012648443691432476
0.014302905648946762
0.01165488176047802
0.007612449117004871
0.012808935716748238
0.012492913752794266
0.011072970926761627
0.008184252306818962
0.009695213288068771
0.007008163258433342
0.01226822566241026
0.008148139342665672
0.007089618593454361
0.005956636276096106
0.011068044230341911
0.016238218173384666
0.008687170222401619
0.013169284909963608
0.011259312741458416
0.008903900161385536
0.011428330093622208
0.01235727034509182
0.012101258151233196
0.013032162562012672
0.013517320156097412
0.00878816843032837
0.00959229189902544
0.00891190767288208
0.00826598983258009
0.007992900907993317
0.006757694762200117
0.0064417412504553795
0.008542641997337341
0.009158013388514519
0.00963461585342884
0.006630750373005867
0.005338721908628941
0.010989012196660042
0.012309085577726364
0.027974572032690048
0.00976669043302536
0.026617862284183502
0.005227174609899521
0.005196474492549896
0.004081686493009329
0.004876665771007538
0.004800086375325918
0.005252381786704063
0.007693909108638763
0.008916052058339119
0.008588479831814766
0.011302890256047249
0.012141457758843899
0.010858055204153061
0.008200695738196373
0.008151497691869736
0.011223932728171349
0.013024311512708664
0.008181829936802387
0.009446639567613602
0.0086630554869771
0.010995220392942429
0.007983321323990822
0.009143858216702938
0.008664332330226898
0.010506531223654747
0.008174991235136986
0.00823571439832449
0.009662330150604248
0.010880495421588421
0.009750548750162125
0.008125735446810722
0.00991114228963852
0.00889861024916172
0.008793222717940807
0.00749636348336935
0.011263174936175346
0.00899587757885456
0.00971986260265112
0.009875059127807617
0.010802622884511948
0.010311109013855457
0.007961858995258808
0.008337004110217094
0.011080365628004074
0.009931772015988827
0.008227677084505558
0.00763371167704463
0.00648476742208004
0.006460011005401611
0.007640211842954159
0.00991779938340187
0.007137011736631393
0.010110924020409584
0.007954442873597145
0.007835756987333298
0.007420707028359175
0.007451075594872236
0.010662171058356762
0.008556845597922802
0.011065591126680374
0.009603183716535568
0.009083537384867668
0.009679500944912434
0.006569520570337772
0.009717097505927086
0.005181525833904743
0.005537437275052071
0.0036073317751288414
0.005009911023080349
0.005192644894123077
0.004102334845811129
0.007209263276308775
0.007237302139401436
0.008628129959106445
0.00793273001909256
0.007764515466988087
0.008250787854194641
0.009360446594655514
0.007840240374207497
0.007540976162999868
0.008398844860494137
0.006534057669341564
0.014906652271747589
0.007171678822487593
0.009346049278974533
0.007645848207175732
0.006725831888616085
0.007524021901190281
0.009345194324851036
0.009061266668140888
0.007962548173964024
0.007253611460328102
0.00890322308987379
0.008026555180549622
0.008479399606585503
0.0107994070276618
0.008133931085467339
0.007712855469435453
0.006976015865802765
0.010234939865767956
0.009349839761853218
0.010397249832749367
0.009274248033761978
0.015528879128396511
0.015612786635756493
0.008009101264178753
0.008558359928429127
0.006272103637456894
0.007677878253161907
0.007005932740867138
0.007580542471259832
0.006787437945604324
0.007904881611466408
0.007266361266374588
0.007455505430698395
0.008442631922662258
0.009394312277436256
0.008389377035200596
0.008607488125562668
0.006867284886538982
0.007402414456009865
0.00989900715649128
0.007810444571077824
0.01515565812587738
0.010067259892821312
0.012015333399176598
0.005239217542111874
0.007626154460012913
0.018930740654468536
0.01565023511648178
0.012625089846551418
0.009968215599656105
0.010044030845165253
0.007843729108572006
0.0059075793251395226
0.005692228674888611
0.006268730387091637
0.006335674785077572
0.007998345419764519
0.007458770647644997
0.011912023648619652
0.011487378738820553
0.011629685759544373
0.011887533590197563
0.01015197392553091
0.012292343191802502
0.015591371804475784
0.011600526981055737
0.009644311852753162
0.006475377362221479
0.0068090311251580715
0.014945046976208687
0.012099824845790863
0.006735975854098797
0.0058142393827438354
0.008136870339512825
0.016293244436383247
0.020851992070674896
0.01257740706205368
0.017180558294057846
0.00452469103038311
0.005258582532405853
0.01447615772485733
0.014089963398873806
0.020920678973197937
0.019004426896572113
0.009356498718261719
0.009906064718961716
0.007774598430842161
0.010355695150792599
0.011339789256453514
0.011774890124797821
0.021112993359565735
0.012497924268245697
0.012187371961772442
0.016818691045045853
0.022193685173988342
0.026809964329004288
0.01036069542169571
0.01007178332656622
0.009579768404364586
0.010136671364307404
0.011422345414757729
0.011119876056909561
0.024224793538451195
0.015586725436151028
0.025009386241436005
0.016617273911833763
0.02257869765162468
0.025075476616621017
0.012305686250329018
0.019459223374724388
0.019926773384213448
0.0189373679459095
0.011748392134904861
0.017893623560667038
0.008786606602370739
0.017686963081359863
0.016903627663850784
0.017175529152154922
0.01864955574274063
0.018436584621667862
0.019798655062913895
0.02236616611480713
0.018740003928542137
0.021881503984332085
0.023411547765135765
0.0057801250368356705
0.024088986217975616
0.007754187565296888
0.0071907504461705685
0.00840165838599205
0.007750294636934996
0.025667963549494743
0.006181822624057531
0.01700647734105587
0.022871706634759903
0.014884091913700104
0.019249219447374344
0.02619023434817791
0.02174868807196617
0.023133834823966026
0.01980849914252758
0.02055983990430832
0.022484496235847473
0.018823307007551193
0.017679160460829735
0.010072853416204453
0.016895834356546402
0.006806736811995506
0.02198970317840576
0.026023969054222107
0.02253970503807068
0.01749785616993904
0.02157730981707573
0.019801903516054153
0.022347569465637207
0.014945944771170616
0.016565725207328796
0.019082723185420036
0.021418681368231773
0.022581681609153748
0.019493503496050835
0.01977367140352726
0.018137425184249878
0.021538514643907547
0.012650666758418083
0.008405560627579689
0.008695759810507298
0.008555120788514614
0.008057025261223316
0.008627837523818016
0.006812584586441517
0.007044535130262375
0.00875079445540905
0.00900687649846077
0.008809668011963367
0.01210218295454979
0.010377591475844383
0.009103266522288322
0.005385047756135464
0.006828592624515295
0.008699292317032814
0.009152060374617577
0.008849292993545532
0.009060462936758995
0.012510470114648342
0.015881787985563278
0.011542350053787231
0.012054027989506721
0.014206389896571636
0.011055899783968925
0.01211998425424099
0.007895938120782375
0.00907357782125473
0.009899934753775597
0.011652580462396145
0.015588207170367241
0.014338410459458828
0.010619569569826126
0.010505614802241325
0.008937027305364609
0.010962320491671562
0.004697125870734453
0.0056938002817332745
0.007745945360511541
0.010219755582511425
0.011714775115251541
0.010811972431838512
0.009893938899040222
0.006364485248923302
0.012065580114722252
0.013643148355185986
0.014582559466362
0.01216078083962202
0.008162817917764187
0.007365732919424772
0.010095158591866493
0.011187491938471794
0.01016717404127121
0.0052726841531693935
0.007639800664037466
0.00689447857439518
0.010529441758990288
0.013038456439971924
0.012818481773138046
0.011483325622975826
0.012815585359930992
0.013004494830965996
0.009121489711105824
0.007904984056949615
0.008591830730438232
0.009758861735463142
0.009798373095691204
0.009944485500454903
0.010089864954352379
0.00956273078918457
0.008836401626467705
0.00848330557346344
0.006843537092208862
0.010337566956877708
0.009858282282948494
0.008490613661706448
0.006428984459489584
0.007785187568515539
0.023513779044151306
0.025282040238380432
0.011866157874464989
0.012394371442496777
0.012685427442193031
0.00851828046143055
0.008679483085870743
0.008983001112937927
0.009715024381875992
0.007771052420139313
0.009395472705364227
0.010411560535430908
0.013083192519843578
6.244068208616227e-05
0.005472390912473202
0.010041369125247002
0.00483513530343771
-0.006975633557885885
0.0031669908203184605
0.017610769718885422
-0.003204879816621542
-0.006743838079273701
-0.00400520721450448
0.007034467067569494
