0.005411435849964619
0.005344701465219259
0.007549668662250042
0.0068995151668787
0.037817515432834625
0.03441246226429939
0.0077135805040597916
0.005858137272298336
0.009936269372701645
0.007558403071016073
0.00721542676910758
0.00871390663087368
0.008951317518949509
0.008535586297512054
0.006648088805377483
0.006600772496312857
0.005642215721309185
0.005745576228946447
0.005713650956749916
0.00614788755774498
0.0052177924662828445
0.006912373937666416
0.007400385569781065
0.007178326603025198
0.00649840384721756
0.006216174922883511
0.006691298447549343
0.0058036381378769875
0.006444267462939024
0.006581523455679417
0.00694270571693778
0.007383578456938267
0.007384667173027992
0.007084408309310675
0.00794838834553957
0.007393362000584602
0.006529642269015312
0.006330639123916626
0.006456212140619755
0.00579141965135932
0.006706218235194683
0.008488522842526436
0.009938573464751244
0.006968771573156118
0.009069113060832024
0.007420767098665237
0.005897419527173042
0.00585030484944582
0.007073317654430866
0.00544173177331686
0.007005239836871624
0.005561951547861099
0.007483950816094875
0.005280504003167152
0.006113732233643532
0.008154196664690971
0.008826201781630516
0.008168762549757957
0.007430968340486288
0.008800582960247993
0.008459383621811867
0.009816521778702736
0.009984135627746582
0.007482276763767004
0.005804779939353466
0.005453845020383596
0.007967743091285229
0.008589188568294048
0.009085615165531635
0.009205430746078491
0.009323731064796448
0.007843852043151855
0.008185753598809242
0.007738984189927578
0.007904218509793282
0.008494870737195015
0.007524558808654547
0.008885921910405159
0.008445183746516705
0.008552255108952522
0.006775098852813244
0.00868292711675167
0.007591366767883301
0.006584605202078819
0.007977785542607307
0.008094673976302147
0.00792170874774456
0.007596529554575682
0.007116645574569702
0.005263840314000845
0.008286776021122932
0.008044677786529064
0.008046969771385193
0.008287771604955196
0.007887475192546844
0.008260991424322128
0.007238683756440878
0.00749061768874526
0.005897277966141701
0.008431392721831799
0.009070046246051788
0.009364904835820198
0.009546858258545399
0.009995653294026852
0.010239427909255028
0.011622961610555649
0.009862659499049187
0.008698118850588799
0.006632891949266195
0.00907861813902855
0.008569106459617615
0.006453132256865501
0.00935592781752348
0.009058432653546333
0.00800387840718031
0.007087151985615492
0.009534469805657864
0.005457810126245022
0.00836025457829237
0.0077957576140761375
0.010109789669513702
0.009386742487549782
0.007791582029312849
0.009615628980100155
0.00962074100971222
0.010487517341971397
0.009610194712877274
0.008456379175186157
0.010767396539449692
0.01016405038535595
0.012387643568217754
0.010724197141826153
0.013650654815137386
0.01107371412217617
0.009832455776631832
0.009315437637269497
0.00741166016086936
0.0067589073441922665
0.008461661636829376
0.008342789486050606
0.008092256262898445
0.010245785117149353
0.007091126404702663
0.006273273378610611
0.0052593476139009
0.004736767150461674
0.005338191986083984
0.004645760636776686
0.0033839168027043343
0.003519220044836402
0.003978597931563854
0.005421468988060951
0.004357572179287672
0.004813890904188156
0.003969492390751839
0.007972491905093193
0.009421329945325851
0.00838725920766592
0.007528944872319698
0.004787134937942028
0.006764616351574659
0.009204871952533722
0.00838228315114975
0.007090101949870586
0.008758525364100933
0.009087935090065002
0.008920175954699516
0.009014113806188107
0.008389814756810665
0.0098002003505826
0.009993880987167358
0.008852384053170681
0.008917517960071564
0.01050729863345623
0.011540018022060394
0.009824506007134914
0.011292642913758755
0.011355842463672161
0.012261915020644665
0.008178392425179482
0.011476000770926476
0.010867520235478878
0.007505768444389105
0.010711620561778545
0.010887973010540009
0.0075377835892140865
0.009430075995624065
0.0097371656447649
0.010752057656645775
0.007113688625395298
0.00565782655030489
0.005223206244409084
0.006996489129960537
0.005710603669285774
0.005390754900872707
0.006254111882299185
0.004367711488157511
0.004327482543885708
0.005423041991889477
0.0037530288100242615
0.005704929586499929
0.004882276989519596
0.004392104689031839
0.005780782084912062
0.004305974580347538
0.0033560600131750107
0.0024834051728248596
0.002273420337587595
0.004506333731114864
0.003786735236644745
0.0027182295452803373
0.004171467386186123
0.0023514735512435436
0.004679128527641296
0.0034606819972395897
0.0029001645743846893
0.004580913111567497
0.002557575237005949
0.002985954750329256
0.004643692634999752
0.0030236518941819668
0.005208985880017281
0.005732049699872732
0.008291799575090408
0.005447649396955967
0.004820382222533226
0.00758725218474865
0.005850121378898621
0.006115861237049103
0.0028596080373972654
0.00269879586994648
0.001853829249739647
0.004334685392677784
0.004617397207766771
0.00816182978451252
0.008877148851752281
0.009759698063135147
0.008036578074097633
0.009076434187591076
0.007898716256022453
0.009943361394107342
0.008984318003058434
0.0056528933346271515
0.009874960407614708
0.004802389536052942
0.006532727740705013
0.004234564024955034
0.007208004593849182
0.008247948251664639
0.007926960475742817
0.008463381789624691
0.007950369268655777
0.008309829980134964
0.009304706938564777
0.008887525647878647
0.008629482239484787
0.007857873104512691
0.008607220835983753
0.006877119652926922
0.005381861235946417
0.0046619754284620285
0.004760741256177425
0.006459112279117107
0.006133422255516052
0.006034424062818289
0.005355204455554485
0.0054599083960056305
0.004808370489627123
0.004998194985091686
0.005480327643454075
0.007734788116067648
0.007413133978843689
0.009200196713209152
0.009767431765794754
0.010482906363904476
0.011674224399030209
0.011708540841937065
0.010780650191009045
0.010610504075884819
0.007176592946052551
0.006772750057280064
0.008527039550244808
0.007136351428925991
0.00735874567180872
0.011048421263694763
0.007914910092949867
0.00893496349453926
0.01104858797043562
0.009890958666801453
0.010310180485248566
0.009951606392860413
0.008891377598047256
0.009097016416490078
0.008992552757263184
0.008497001603245735
0.008847296237945557
0.008769543841481209
0.009492452256381512
0.010059894993901253
0.00828909408301115
0.009306704625487328
0.010542217642068863
0.009628006257116795
0.009704606607556343
0.008766326121985912
0.00895539578050375
0.009576013311743736
0.007423867471516132
0.009633323177695274
0.009839056991040707
0.007991793565452099
0.00732587743550539
0.009978216141462326
0.0076539041474461555
0.0088645676150918
0.007564471568912268
0.009872219525277615
0.010142403654754162
0.009309276938438416
0.00900489091873169
0.008418758399784565
0.01049101259559393
0.009822173044085503
0.010066499002277851
0.008908218704164028
0.007205041125416756
0.009832341223955154
0.008826537057757378
0.009298330172896385
0.010824594646692276
0.008872134611010551
0.008536549285054207
0.006122956983745098
0.008636719547212124
0.009770695120096207
0.008618030697107315
0.007715719752013683
0.007722935639321804
0.006761783268302679
0.005861880257725716
0.006524949334561825
0.00445204135030508
0.005455024540424347
0.005286276340484619
0.005111731588840485
0.005362173542380333
0.005681432783603668
0.005244608037173748
0.004768725484609604
0.004747922532260418
0.004197297152131796
0.005056391935795546
0.004135338589549065
0.0037453833501785994
0.005312763154506683
0.005355948116630316
0.004497801419347525
0.004804406780749559
0.004022981505841017
0.005928305443376303
0.005133987404406071
0.003198597114533186
0.005015129689127207
0.00348191661760211
0.0036234217695891857
0.005004751030355692
0.006535965017974377
0.005224216263741255
0.006746327038854361
0.0063555072993040085
0.005338543094694614
0.005852470174431801
0.006418564356863499
0.004756353795528412
0.004556074272841215
0.004314735531806946
0.005256654229015112
0.00868755392730236
0.006583135109394789
0.006896759383380413
0.00812772661447525
0.007753053214401007
0.006777179893106222
0.00712994858622551
0.006533309817314148
0.007710054516792297
0.008838163688778877
0.008039155043661594
0.007167726755142212
0.008280179463326931
0.008109554648399353
0.005251358263194561
0.006480655632913113
0.009699828922748566
0.009591846726834774
0.008956599049270153
0.008609173819422722
0.008454635739326477
0.007822848856449127
0.008585955016314983
0.008136198855936527
0.008420455269515514
0.007935513742268085
0.00822034664452076
0.007312401197850704
0.007743990048766136
0.009447446092963219
0.00913719180971384
0.00818774662911892
0.008856038562953472
0.007621172349900007
0.008059198036789894
0.007316965609788895
0.006687219720333815
0.006376445293426514
0.006978276185691357
0.006642828695476055
0.006799620576202869
0.006040326785296202
0.006628953851759434
0.006053850054740906
0.00486224377527833
0.00366770476102829
0.005272015929222107
0.005102683790028095
0.003755811369046569
0.003053931286558509
0.004254854284226894
0.003507680958136916
0.0028889195527881384
0.002282246481627226
0.0033848658204078674
0.004380775149911642
0.002884490415453911
0.0047753481194376945
0.004291103687137365
0.004723136778920889
0.004304768517613411
0.002203757409006357
0.0044081443920731544
0.00443439744412899
0.005050872918218374
0.004524996504187584
0.004574038553982973
0.004663892090320587
0.004147439729422331
0.004198480397462845
0.004876101389527321
0.006206936202943325
0.007637278642505407
0.005592436529695988
0.006558745168149471
0.0007548332214355469
0.0029915645718574524
0.004227941855788231
0.004414302296936512
0.004592380952090025
0.0047249868512153625
0.004248225595802069
0.0037735584191977978
0.004595721606165171
0.006339420564472675
0.0056210896000266075
0.005347888916730881
0.005689214915037155
0.005525234155356884
0.0050920057110488415
0.0049520255997776985
0.005234595388174057
0.004867081064730883
0.002525188960134983
0.0059504322707653046
0.00399965513497591
0.00640269136056304
0.005742818117141724
0.004823037888854742
0.005891450680792332
0.004368730820715427
0.005532447248697281
0.0036189034581184387
0.005396774969995022
0.00575682520866394
0.004379939287900925
0.004822356626391411
0.006472318898886442
0.005653980653733015
0.005407799035310745
0.004925853572785854
0.004212169907987118
0.005737704690545797
0.004885598085820675
0.004547815769910812
0.006152973510324955
0.00673376489430666
0.006124553270637989
0.006647140718996525
0.009791303426027298
0.010046272538602352
0.009189408272504807
0.009001405909657478
0.009681104682385921
0.006602276116609573
0.00675759045407176
0.006994796451181173
0.006711692549288273
0.0074501740746200085
0.006928719114512205
0.007757456041872501
0.0074515920132398605
0.008022031746804714
0.008792579174041748
0.008017389103770256
0.006886468268930912
0.007629994302988052
0.007137536071240902
0.006024077069014311
0.007423508446663618
0.006860635243356228
0.0067062778398394585
0.007076730020344257
0.006025302689522505
0.005796842277050018
0.007292474620044231
0.005940453615039587
0.007541777100414038
0.007112243678420782
0.004051526077091694
0.005112270824611187
0.004311637487262487
0.0032594124786555767
0.006803758442401886
0.005919124931097031
0.004533687140792608
0.006038997322320938
0.00537453917786479
0.0055557675659656525
0.005826395936310291
0.006178789772093296
0.005914803594350815
0.007331655360758305
0.007052157074213028
0.005624049808830023
0.006339862011373043
0.00588787067681551
0.005089147016406059
0.004063889384269714
0.0065417783334851265
0.005237044300884008
0.007113685365766287
0.005668098106980324
0.006252510007470846
0.005399427842348814
0.006427205633372068
0.0064411042258143425
0.0065268706530332565
0.004373065195977688
0.0074522243812680244
0.00621831975877285
0.0060292682610452175
0.00676759285852313
0.004703994374722242
0.006437475793063641
0.005960232578217983
0.007429741322994232
0.007011988200247288
0.004750770516693592
0.0029680251609534025
0.0048459917306900024
0.0032426200341433287
0.00450323149561882
0.005190417170524597
0.006151858251541853
0.004768391139805317
0.004114171490073204
0.005614844616502523
0.005223773419857025
0.004390984773635864
0.0047680228017270565
0.005175327882170677
0.005948987789452076
0.005645313765853643
0.006091040559113026
0.005083664786070585
0.00617261603474617
0.0063818152993917465
0.006505196914076805
0.004924959037452936
0.003347385674715042
0.004950480069965124
0.005047773011028767
0.005365191958844662
0.005899353884160519
0.005005396902561188
0.005901561584323645
0.004261842928826809
0.005422421731054783
0.005774202756583691
0.006182169076055288
0.007954660803079605
0.00579507602378726
0.006720706820487976
0.006495345383882523
0.0071995980106294155
0.006483044009655714
0.006245454307645559
0.007160484790802002
0.0070446631871163845
0.007004912011325359
0.0068173399195075035
0.006158908829092979
0.007703520357608795
0.005933166481554508
0.004978405777364969
0.005691455211490393
0.007301555946469307
0.0032438577618449926
0.005208554677665234
0.006668156012892723
0.004581999033689499
0.003895360743626952
0.005491090007126331
0.004637917038053274
0.006530004553496838
0.004925099667161703
0.006162256933748722
0.004576812498271465
0.004324929788708687
0.0028915375005453825
0.0034435249399393797
0.004224997013807297
0.005444400943815708
0.0028700705152004957
0.004710569977760315
0.005972021725028753
0.005441287532448769
0.004759828094393015
0.0030965632759034634
0.00411107437685132
0.006499853916466236
0.006301491521298885
0.005304413847625256
0.006173994392156601
0.005451402626931667
0.0045218379236757755
0.004496793262660503
0.003391097066923976
0.003184870583936572
0.0019305699970573187
0.0029920050874352455
0.0037418620195239782
0.004447999410331249
0.007404742296785116
0.005479257088154554
0.0035711792297661304
0.006958032958209515
0.005963705480098724
0.006392966955900192
0.004616942256689072
0.006819774396717548
0.005815861746668816
0.005807831417769194
0.004955526441335678
0.005691808648407459
0.005416405852884054
0.005483115091919899
0.005018276162445545
0.0055975052528083324
0.006215773522853851
0.005937955807894468
0.007566193118691444
0.006605019327253103
0.007271507754921913
0.006257957778871059
0.006516351830214262
0.006103307008743286
0.006253495812416077
0.00625151302665472
0.004692126531153917
0.00466564204543829
0.0059007699601352215
0.0069798678159713745
0.0053300680592656136
0.006390831898897886
0.006749446969479322
0.007168486714363098
0.0029423281084746122
0.002731167245656252
0.0051328204572200775
0.007289580535143614
0.006729898042976856
0.007250510156154633
0.005908670835196972
0.00944138877093792
0.008142909035086632
0.005744386464357376
0.006539909169077873
0.005748420488089323
0.0077405585907399654
0.0068793995305895805
0.0034808777272701263
0.004859022796154022
0.007471233606338501
0.007489020936191082
0.007530550472438335
0.00622216984629631
0.005183091387152672
0.006195659749209881
0.005558756645768881
0.006680693477392197
0.004881059285253286
0.007121607661247253
0.007256013341248035
0.007477383129298687
0.00751675246283412
0.006305408664047718
0.005135379731655121
0.00643155537545681
0.006419364362955093
0.0059644244611263275
0.006483962293714285
0.005392693914473057
0.004194444976747036
0.005052298307418823
0.0053679440170526505
0.004818105138838291
0.005397285800427198
0.0053966231644153595
0.004794329404830933
0.005104327108711004
0.0034834439866244793
0.004809551872313023
0.004673183895647526
0.006062543019652367
0.004936811979860067
0.004044393077492714
0.006126608699560165
0.0035869921557605267
0.003408978460356593
0.0067584156058728695
0.004965235013514757
0.003790024435147643
0.006567929871380329
0.00583218177780509
0.005307213868945837
0.006180400028824806
0.0032672802917659283
0.0037064484786242247
0.003511858871206641
0.005452260375022888
0.006705405190587044
0.0061827534809708595
0.007500275503844023
0.005649070721119642
0.005841515958309174
0.00449281744658947
0.005303900223225355
0.00671647023409605
0.004286169074475765
0.005914154462516308
0.005628182552754879
0.004922805353999138
0.005713495891541243
0.00686280895024538
0.005394329316914082
0.005029795225709677
0.007255241274833679
0.005450941156595945
0.007677375804632902
0.005576170049607754
0.005208774469792843
0.004327618516981602
0.0050453613512218
0.005957558285444975
0.006687818095088005
0.005215545650571585
0.004978747107088566
0.0050668660551309586
0.003841199679300189
0.0059643154963850975
0.004454200621694326
0.00575629435479641
0.0036328507121652365
0.0034660312812775373
0.004298010841012001
0.006097173318266869
0.0072209835052490234
0.008090454153716564
0.006553685292601585
0.005313040688633919
0.005592538975179195
0.004492085427045822
0.006239547394216061
0.005438577383756638
0.005467516835778952
0.007520676590502262
0.006274981424212456
0.0055600618943572044
0.005529315676540136
0.00408881064504385
0.007778150960803032
0.007341528311371803
0.009411352686583996
0.003645386081188917
0.006899348925799131
0.005960150621831417
0.006448734551668167
0.006328643765300512
0.009923777543008327
0.007893525995314121
0.00792816560715437
0.007007877342402935
0.00588909862563014
0.007052347995340824
0.006110805086791515
0.0057184225879609585
0.0066593121737241745
0.007949893362820148
0.007091940380632877
0.007387872785329819
0.007260512560606003
0.007083825767040253
0.005549346562474966
0.005600880831480026
0.007421133574098349
0.007315918803215027
0.007199881132692099
0.007001673802733421
0.008069914765655994
0.006183614023029804
0.006610186770558357
0.0049535189755260944
0.006410244852304459
0.005384422373026609
0.006657536141574383
0.007363616488873959
0.00654588732868433
0.00713734095916152
0.007588488981127739
0.0052183568477630615
0.00422340352088213
0.005401919595897198
0.005454442463815212
0.00643178541213274
0.0058400570414960384
0.00511381309479475
0.004201655276119709
0.004259379580616951
0.006726417224854231
0.005292519461363554
0.006224611308425665
0.004506873898208141
0.004396785981953144
0.004681908991187811
0.004728297702968121
0.0061635468155145645
0.0045829457230865955
0.006198798306286335
0.004944429732859135
0.004772678017616272
0.0036809751763939857
0.003490383503958583
0.004751183092594147
0.003536068368703127
0.004929019138216972
0.004921117797493935
0.0055178022012114525
0.005452525801956654
0.005970961879938841
0.003930861130356789
0.004674362484365702
0.006829928606748581
0.006082312203943729
0.006863786838948727
0.0064342147670686245
0.005596450995653868
0.005058136768639088
0.00519850617274642
0.005010569468140602
0.0031972918659448624
0.006026112474501133
0.005201281514018774
0.0046864282339811325
0.00458759069442749
0.004568678792566061
0.005911160260438919
0.0038586328737437725
0.0055636875331401825
0.003191273659467697
0.003887486644089222
0.004787546582520008
0.003971412777900696
0.005022682249546051
0.005803590640425682
0.004022711887955666
0.006010958459228277
0.005051140673458576
0.005759276449680328
0.004231534898281097
0.0027854822110384703
0.0032549684401601553
0.004930497147142887
0.006368929520249367
0.0043357438407838345
0.004837146494537592
0.0028653470799326897
0.0030501873698085546
0.003013892099261284
0.004662686493247747
0.006001537665724754
0.007485711481422186
0.0069997734390199184
0.005459190811961889
0.005620217882096767
0.005183480214327574
0.008040267042815685
0.006885766051709652
0.0051762498915195465
0.007163820788264275
0.005688102450221777
0.004802912473678589
0.005014313384890556
0.007670253049582243
0.007912879809737206
0.007853388786315918
0.011438969522714615
0.009000868536531925
0.008187085390090942
0.009698523208498955
0.008646268397569656
0.0071945409290492535
0.00669168820604682
0.00686294212937355
0.007309537380933762
0.005027833394706249
0.003532581962645054
0.006595808546990156
0.004157608840614557
0.006257546134293079
0.0062037198804318905
0.005856244824826717
0.004881548695266247
0.00408925861120224
0.004350753501057625
0.004800089634954929
0.0032403510995209217
0.003889372106641531
0.003310894127935171
0.0038021989166736603
0.003574437228962779
0.00471176253631711
0.002873591613024473
0.0041957879438996315
0.0053347451612353325
0.004367537796497345
0.004263661336153746
0.004833865910768509
0.005326923914253712
0.004269909113645554
0.004248771350830793
0.004193111788481474
0.005854460410773754
0.004444720223546028
0.00438146386295557
0.007087298668920994
0.012741265818476677
0.014288781210780144
0.014292772859334946
0.015468265861272812
0.014857562258839607
0.01416760217398405
0.015327345579862595
0.013157354667782784
0.012453479692339897
0.011799369007349014
0.012617520987987518
0.012004578486084938
0.010716402903199196
0.011939901858568192
0.010273183695971966
0.010265684686601162
0.010983305983245373
0.01075736340135336
0.010869346559047699
0.010891112498939037
0.011221775785088539
0.010658079758286476
0.011153928935527802
0.01156206987798214
0.010501782409846783
0.011459491215646267
0.011249134317040443
0.011319383978843689
0.011118585243821144
0.010390757583081722
0.011412493884563446
0.011168974451720715
0.011097770184278488
0.011247198097407818
0.011930223554372787
0.012150030583143234
0.01124435942620039
0.011813284829258919
0.01171896606683731
0.01089118979871273
0.011272496543824673
0.01258076261729002
0.011658577248454094
0.012227928265929222
0.012226127088069916
0.013214416801929474
0.011544501408934593
0.011241721920669079
0.011801624670624733
0.011258063837885857
0.010340599343180656
0.01048265304416418
0.010988089255988598
0.012372227385640144
0.011079095304012299
0.010804202407598495
0.010772688314318657
0.011856751516461372
0.013485286384820938
0.011724067851901054
0.013654356822371483
0.014196805655956268
0.014205386862158775
0.014861911535263062
0.01363474689424038
0.013392694294452667
0.014073397032916546
0.013500726781785488
0.013409145176410675
0.01266198419034481
0.011730900965631008
0.011697759851813316
0.011741052381694317
0.01286020316183567
0.011607117019593716
0.011216683313250542
0.011349325999617577
0.011755019426345825
0.011631887406110764
0.012864511460065842
0.01308765821158886
0.013091596774756908
0.013216707855463028
0.011920373886823654
0.011367893777787685
0.01173607911914587
0.012374239973723888
0.01194179430603981
0.011325173079967499
0.01163966953754425
0.010975322686135769
0.008726358413696289
0.010674889199435711
0.011629372835159302
0.009873563423752785
0.00923006609082222
0.010025132447481155
0.010186275467276573
0.01099175401031971
0.012063886970281601
0.011594472452998161
0.011035497300326824
0.010570453479886055
0.0112704336643219
0.010471785441040993
0.010771321132779121
0.011405743658542633
0.010760819539427757
0.011384611949324608
0.011141350492835045
0.010307656601071358
0.010158106684684753
0.010041659697890282
0.010292045772075653
0.010092738084495068
0.010424833744764328
0.009820154868066311
0.01026860624551773
0.01079112570732832
0.011149093508720398
0.010760928504168987
0.010885627940297127
0.010914826765656471
0.011344963684678078
0.011225268244743347
0.011322692036628723
0.010695748031139374
0.010538464412093163
0.010913754813373089
0.011794665828347206
0.012050298973917961
0.011901135556399822
0.010968702845275402
0.01096288114786148
0.010943800210952759
0.011300913989543915
0.01048626285046339
0.009781861677765846
0.010397026315331459
0.010733669623732567
0.01037679985165596
0.010173531249165535
0.010422843508422375
0.010696075856685638
0.011555975303053856
0.011641687713563442
0.014955926686525345
0.012979259714484215
0.012737015262246132
0.012947196140885353
0.014346783980727196
0.01330441515892744
0.015001287683844566
0.015136624686419964
0.014135658740997314
0.014882208779454231
0.014790101908147335
0.015389125794172287
0.01477386336773634
0.016009198501706123
0.011863749474287033
0.011912543326616287
0.012031801044940948
0.011559784412384033
0.01145615242421627
0.011817552149295807
0.013614539057016373
0.011361765675246716
0.012518010102212429
0.012083709239959717
0.011688180267810822
0.011660367250442505
0.012461955659091473
0.011351204477250576
0.012334703467786312
0.012032775208353996
0.011058586649596691
0.011315492913126945
0.0110260508954525
0.01166621595621109
0.011854423210024834
0.011736482381820679
0.010590295307338238
0.01233871653676033
0.011547816917300224
0.0119261983782053
0.011745568364858627
0.015219312161207199
0.01152084581553936
0.011875818483531475
0.011628280393779278
0.011971097439527512
0.015034070238471031
0.011835828423500061
0.01316298171877861
0.01387760415673256
0.013885202817618847
0.014716021716594696
0.014189052395522594
0.014254719018936157
0.01372018363326788
0.012993302196264267
0.012952879071235657
0.011519936844706535
0.012724647298455238
0.012889431789517403
0.011945193633437157
0.012300482951104641
0.012034088373184204
0.013415391556918621
0.012408195063471794
0.012523564510047436
0.010706975124776363
0.011855035088956356
0.011218796484172344
0.01144868042320013
0.011368632316589355
0.012191171757876873
0.011823753826320171
0.011540383100509644
0.01170150563120842
0.011603064835071564
0.01130720879882574
0.011823469772934914
0.009308824315667152
0.009996871463954449
0.010571887716650963
0.010516899637877941
0.011696431785821915
0.011340639553964138
0.010469397529959679
0.011992501094937325
0.011868247762322426
0.01154337264597416
0.013242426328361034
0.012773512862622738
0.012671489268541336
0.01246129535138607
0.012476678937673569
0.011661484837532043
0.012450042180716991
0.012323765084147453
0.012119999155402184
0.012186476960778236
0.012416301295161247
0.011939989402890205
0.01051725260913372
0.011394176632165909
0.011095304042100906
0.011216720566153526
0.009446762502193451
0.010893246158957481
0.009319358505308628
0.010806471109390259
0.010523371398448944
0.011035019531846046
0.01110704056918621
0.011517255567014217
0.012299347668886185
0.013371492736041546
0.012117061764001846
0.012195243500173092
0.012612464837729931
0.010853464715182781
0.011793550103902817
0.011902643367648125
0.010655269026756287
0.012986372224986553
0.010848095640540123
0.010977978818118572
0.013548064976930618
0.010466329753398895
0.010027742013335228
0.01071229763329029
0.012306222692131996
0.011440884321928024
0.012717506848275661
0.012910222634673119
0.012388776056468487
0.013433374464511871
0.01312728226184845
0.012794706039130688
0.012473970651626587
0.011372311972081661
0.01269681565463543
0.01330970972776413
0.013041551224887371
0.011662359349429607
0.0121169313788414
0.012052107602357864
0.01176130399107933
0.01183912344276905
0.01180038508027792
0.011093784123659134
0.011695370078086853
0.012761777266860008
0.013008463196456432
0.012181027792394161
0.012383291497826576
0.012184634804725647
0.012517399154603481
0.013149111531674862
0.013035513460636139
0.013165989890694618
0.013895220123231411
0.01290309987962246
0.012448987923562527
0.011753711849451065
0.013074415735900402
0.01288129948079586
0.013532564043998718
0.012823846191167831
0.013339223340153694
0.013027004897594452
0.013192309997975826
0.013531512580811977
0.012235559523105621
0.012982035055756569
0.0136558897793293
0.012859487906098366
0.014220829121768475
0.013892831280827522
0.012575604021549225
0.011742292903363705
0.011086506769061089
0.015699774026870728
0.01761675626039505
0.018273163586854935
0.015512297861278057
0.017067082226276398
0.010069194249808788
0.012796392664313316
0.011932581663131714
0.011878788471221924
0.01361925806850195
0.012201480567455292
0.011355577036738396
0.013236258178949356
0.01231059618294239
0.011961523443460464
0.012929165735840797
0.012489735148847103
0.012424575164914131
0.013270428404211998
0.013638535514473915
0.014161908999085426
0.01470496691763401
0.012051273137331009
0.011890104040503502
0.013881629332900047
0.01248909905552864
0.014639290980994701
0.012871194630861282
0.014342553913593292
0.014825087040662766
0.01345343329012394
0.015295467339456081
0.01308535784482956
0.013975532725453377
0.014126896858215332
0.014444436877965927
0.013637600466609001
0.015819309279322624
0.013513877987861633
0.013148464262485504
0.01427181251347065
0.013400016352534294
0.012348844669759274
0.013403721153736115
0.014030009508132935
0.012036963365972042
0.011909696273505688
0.014356176368892193
0.013733088038861752
0.012623198330402374
0.014901998452842236
0.01405775174498558
0.013875549659132957
0.01275944896042347
0.01228495966643095
0.011032766662538052
0.011642641387879848
0.01152510941028595
0.011401087045669556
0.011335005983710289
0.011090117506682873
0.011683369055390358
0.010668769478797913
0.010671394877135754
0.011187128722667694
0.01128424983471632
0.010608995333313942
0.01129099354147911
0.010669978335499763
0.010221253149211407
0.010996000841259956
0.010920492932200432
0.011438941583037376
0.01196743082255125
0.011511332355439663
0.010899607092142105
0.010693158954381943
0.010846791788935661
0.01110781542956829
0.010162752121686935
0.011445080861449242
0.011942954733967781
0.01023387536406517
0.011124270036816597
0.010240921750664711
0.010318292304873466
0.01171412505209446
0.009886164218187332
0.010718423873186111
0.012249025516211987
0.011698025278747082
0.011007681488990784
0.012911814264953136
0.011141352355480194
0.009940027259290218
0.0117934700101614
0.012275025248527527
0.011938309296965599
0.011809231713414192
0.012220006436109543
0.011692201718688011
0.010701420716941357
0.011852054856717587
0.01109098456799984
0.011664199642837048
0.01165052317082882
0.01167549192905426
0.012036598287522793
0.011466873809695244
0.011521073058247566
0.010371994227170944
0.010402388870716095
0.01048937439918518
0.009514834731817245
0.011053408496081829
0.011537427082657814
0.010344814509153366
0.01020355336368084
0.010646011680364609
0.010510868392884731
0.009954315610229969
0.010746460407972336
0.011256419122219086
0.011032096110284328
0.011983505450189114
0.011079001240432262
0.011817459017038345
0.01083088107407093
0.01071750558912754
0.011096488684415817
0.011301325634121895
0.010466198436915874
0.010139377787709236
0.011524317786097527
0.010711312294006348
0.010895594954490662
0.011071364395320415
0.01107306219637394
0.011219751089811325
0.01067720539867878
0.010551641695201397
0.011033695191144943
0.011017686687409878
0.010235833004117012
0.011334732174873352
0.011448460631072521
0.010950669646263123
0.009954335168004036
0.009950315579771996
0.010263394564390182
0.010484847240149975
0.010031293146312237
0.01021578349173069
0.011450137943029404
0.01087610237300396
0.011443519964814186
0.011621154844760895
0.011457650922238827
0.010228881612420082
0.01620539277791977
0.013073636218905449
0.014449353329837322
0.00873398408293724
0.012122508138418198
0.011401895433664322
0.010659132152795792
0.010234598070383072
0.011927448213100433
0.010440999642014503
0.010858433321118355
0.009000211022794247
0.010442158207297325
0.009996093809604645
0.009914886206388474
0.009501135908067226
0.010636369697749615
0.010793458670377731
0.009747224859893322
0.010516482405364513
0.010460395365953445
0.011419303715229034
0.010716325603425503
0.010341656394302845
0.01014414057135582
0.012055682018399239
0.011655861511826515
0.010199368000030518
0.012049362063407898
0.011847521178424358
0.010244796983897686
0.010213829576969147
0.011056168004870415
0.012719943188130856
0.01309221237897873
0.014792240224778652
0.015004966408014297
0.01517411507666111
0.010317802429199219
0.011445521377027035
0.01557030901312828
0.012170924805104733
0.013315698131918907
0.010525866411626339
0.01096350234001875
0.011063067242503166
0.010437472723424435
0.011516354978084564
0.01096999179571867
0.011313344351947308
0.011012105271220207
0.01696522906422615
0.012330519035458565
0.016956020146608353
0.013172774575650692
0.012739214114844799
0.014635525643825531
0.014169241301715374
0.016486801207065582
0.012431733310222626
0.01682678610086441
0.01305128913372755
0.013420443050563335
0.012695638462901115
0.014022311195731163
0.011501027271151543
0.012460965663194656
0.012442662380635738
0.01256769709289074
0.011917488649487495
0.013836732134222984
0.012837111949920654
0.01310606300830841
0.0141292130574584
0.014074822887778282
0.01469573937356472
0.012430083006620407
0.013714559376239777
0.012889614328742027
0.01317259855568409
0.015382476150989532
0.01344501506537199
0.01233349647372961
0.010297334752976894
0.015154775232076645
0.013825594447553158
0.0117289824411273
0.016073621809482574
0.013407147489488125
0.014607913792133331
0.014332311227917671
0.014390707015991211
0.012455212883651257
0.015604311600327492
0.015448270365595818
0.01573706790804863
0.0191262885928154
0.014801401644945145
0.018532929942011833
0.01653205417096615
0.015482045710086823
0.01667986810207367
0.01927177980542183
0.018196089193224907
0.018682848662137985
0.017583921551704407
0.01612326316535473
0.015545709058642387
0.016371652483940125
0.016630759462714195
0.0174506027251482
0.017166970297694206
0.015775715932250023
0.017619498074054718
0.015391722321510315
0.017018605023622513
0.019155260175466537
0.016841839998960495
0.016268184408545494
0.017415136098861694
0.016600701957941055
0.01658887229859829
0.015514824539422989
0.014971300028264523
0.01890423335134983
0.015423756092786789
0.016156375408172607
0.017988478764891624
0.018829375505447388
0.016433557495474815
0.019146105274558067
0.01589873805642128
0.017496153712272644
0.018453042954206467
0.012372717261314392
0.016750819981098175
0.016111161559820175
0.01328275352716446
0.015768762677907944
0.015463057905435562
0.01895979791879654
0.01952168345451355
0.018598148599267006
0.01756727322936058
0.01715739071369171
0.01727517694234848
0.018711840733885765
0.018398066982626915
0.019494004547595978
0.018562426790595055
0.0167541466653347
0.014137230813503265
0.012518903240561485
0.013273603282868862
0.016796711832284927
0.017710944637656212
0.012371275573968887
0.013245279900729656
0.014388011768460274
0.011536749079823494
0.012857179157435894
0.011312554590404034
0.012662794440984726
0.012369781732559204
0.01209603063762188
0.01160009577870369
0.011607485823333263
0.01518210954964161
0.013679596595466137
0.011364540085196495
0.010974094271659851
0.01118560042232275
0.01292048953473568
0.014606742188334465
0.011761702597141266
0.012160679325461388
0.012349678203463554
0.01245606504380703
0.012370580807328224
0.011410820297896862
0.013315528631210327
0.012902118265628815
0.014106686227023602
0.011839179322123528
0.015045171603560448
0.010928422212600708
0.009716403670608997
0.013637145981192589
0.01334306225180626
0.011353644542396069
0.013516709208488464
0.010690356604754925
0.011149648576974869
0.01236752700060606
0.015502355992794037
0.014042811468243599
0.011694340966641903
0.013506677001714706
0.010312555357813835
0.014441817067563534
0.012629861943423748
0.013080719858407974
0.012670415453612804
0.012039445340633392
0.01735578291118145
0.012193518690764904
0.012608128599822521
0.011624775826931
0.016153354197740555
0.01481677871197462
0.01244782842695713
0.01321704126894474
0.014256015419960022
0.012329990044236183
0.015091768465936184
0.013619279488921165
0.0130921620875597
0.015004388056695461
0.012093400582671165
0.011818476021289825
0.010952770709991455
0.01216554082930088
0.018039552494883537
0.015290054492652416
0.01511392556130886
0.012472771108150482
0.01277478039264679
0.011203618720173836
0.012874377891421318
0.013448069803416729
0.015679653733968735
0.017915843054652214
0.015220521949231625
0.014611344784498215
0.013351472094655037
0.013203996233642101
0.012234408408403397
0.011938153766095638
0.01306273601949215
0.012748334556818008
0.017886899411678314
0.014919157139956951
0.0160109531134367
0.013287054374814034
0.013345497660338879
0.012477753683924675
0.012155733071267605
0.01317715272307396
0.012290282174944878
0.012517782859504223
0.01209145225584507
0.012378817424178123
0.014769800007343292
0.011659063398838043
0.011913116089999676
0.011891599744558334
0.011844594031572342
0.012097295373678207
0.012737998738884926
0.010870696976780891
0.012330636382102966
0.011546294204890728
0.01198870874941349
0.013021126389503479
0.013456584885716438
0.011763508431613445
0.014885924756526947
0.01237255148589611
0.013350088149309158
0.01213840302079916
0.012619918212294579
0.011546126566827297
0.011981184594333172
0.0130092678591609
0.01171798538416624
0.017361469566822052
0.014852194115519524
0.01172197237610817
0.016217898577451706
0.017067600041627884
0.01641244813799858
0.017955493181943893
0.0176558718085289
0.016539473086595535
0.01679927110671997
0.018786216154694557
0.01700402982532978
0.015148388221859932
0.017143769189715385
0.01642194576561451
0.016055703163146973
0.016236498951911926
0.013168498873710632
0.017950575798749924
0.01677688956260681
0.015832139179110527
0.015158130787312984
0.016773132607340813
0.011552546173334122
0.016784004867076874
0.014897688291966915
0.012882456183433533
0.01564016193151474
0.013788505457341671
0.011631552129983902
0.01290222629904747
0.011775173246860504
0.013792736455798149
0.01359326671808958
0.01494510006159544
0.011948059312999249
0.01590077206492424
0.012161416932940483
0.011639351956546307
0.014815239235758781
0.015167802572250366
0.012055207043886185
0.011514047160744667
0.013858425430953503
0.014605609700083733
0.012501999735832214
0.014165116474032402
0.01147876214236021
0.014061103574931622
0.01189767848700285
0.014739125967025757
0.012019334360957146
0.012905887328088284
0.011936815455555916
0.012817708775401115
0.012538118287920952
0.011988419108092785
0.012243445962667465
0.012115291319787502
0.012627850286662579
0.01260591670870781
0.012691667303442955
0.01605863869190216
0.012752647511661053
0.012666399590671062
0.015304027125239372
0.01305563934147358
0.01541336253285408
0.011509900912642479
0.01348886452615261
0.011273193173110485
0.012323244474828243
0.012384895235300064
0.012778534553945065
0.013681742362678051
0.018836405128240585
0.016244126483798027
0.012942185625433922
0.013522840104997158
0.013150809332728386
0.012742416933178902
0.012867534533143044
0.013044171035289764
0.012827466242015362
0.013393133878707886
0.012437212280929089
0.012804796919226646
0.01253480650484562
0.011872070841491222
0.01290765032172203
0.012205004692077637
0.01241055503487587
0.0133338188752532
0.012878320179879665
0.0127244982868433
0.015159809961915016
0.012829018756747246
0.015533527359366417
0.015104598365724087
0.012693533673882484
0.013121913187205791
0.01542247086763382
0.013796031475067139
0.011824722401797771
0.011047023348510265
0.012098995968699455
0.019604241475462914
0.018380481749773026
0.01891445368528366
0.019261803478002548
0.01782406121492386
0.018236812204122543
0.015948275104165077
0.016303924843668938
0.016372613608837128
0.014321240596473217
0.015086812898516655
0.014368134550750256
0.01489332690834999
0.014307583682239056
0.015160495415329933
0.015494758263230324
0.013450796715915203
0.014499843120574951
0.014322681352496147
0.012689158320426941
0.01342193316668272
0.013967367820441723
0.013449440710246563
0.01385948620736599
0.012946704402565956
0.014241239055991173
0.013170111924409866
0.011851375922560692
0.01364264078438282
0.014581918716430664
0.015464121475815773
0.014113269746303558
0.014877612702548504
0.01459358911961317
0.015098563395440578
0.012358009815216064
0.014158155769109726
0.015405918471515179
0.016471222043037415
0.015383705496788025
0.01498168334364891
0.015337347984313965
0.01588715799152851
0.015592994168400764
0.014563385397195816
0.015344060026109219
0.013083156198263168
0.014223529025912285
0.014634172432124615
0.015089484862983227
0.015514674596488476
0.013868160545825958
0.01585380733013153
0.01465609297156334
0.014558195136487484
0.015049517154693604
0.01718224212527275
0.01600673981010914
0.01718859188258648
0.016123678535223007
0.01601298525929451
0.016257833689451218
0.015851326286792755
0.015578873455524445
0.016921378672122955
0.016373395919799805
0.016395874321460724
0.015741534531116486
0.015464096330106258
0.01704053021967411
0.0022742203436791897
0.002112847985699773
0.0013713579392060637
0.0016889935359358788
0.0014347120886668563
0.0021435702219605446
0.001955700572580099
0.0018712540622800589
0.0038429792039096355
0.0021884969901293516
0.003033047541975975
0.003092573955655098
0.0015688154380768538
0.0028118712361902
0.002409794367849827
0.0016621466493234038
0.0031277525704354048
0.003299328265711665
0.0036273947916924953
0.0033000572584569454
0.003796097356826067
0.0037583529483526945
0.0033840115647763014
0.004352164920419455
0.0033996577840298414
0.0021350164897739887
0.0005749840056523681
0.0004765121266245842
0.0010001871269196272
0.0012526552891358733
0.0006486910278908908
0.0010632304474711418
0.001031509949825704
0.00025721359997987747
0.001139722066000104
0.004372446797788143
0.005471087992191315
0.0042680781334638596
0.0034953407011926174
0.004310415126383305
0.003202985506504774
0.004002230241894722
0.005672018975019455
0.0030804667621850967
0.0029726424254477024
0.003405468538403511
0.0040906863287091255
0.00657000532373786
0.005330018699169159
0.005828981287777424
0.005304125603288412
0.005256020464003086
0.004337613936513662
0.002561373868957162
0.0024859923869371414
0.0008906456641852856
0.0020210002548992634
0.0035358190070837736
0.003361854702234268
0.0025145686231553555
0.0015832448843866587
0.0005445100250653923
0.002003904664888978
0.0033460529521107674
0.00334941316395998
0.0026219324208796024
0.0029200974386185408
0.0007225591689348221
0.0016045800875872374
0.0008505713194608688
0.0032544462010264397
0.0044440231285989285
0.0037307278253138065
0.003944813273847103
0.0042914217337965965
0.00432251300662756
0.0036912760697305202
0.004537458065897226
0.004060551058501005
0.003792618867009878
0.0035165399312973022
0.003021036274731159
0.003458388615399599
0.0029890937730669975
0.0024063410237431526
0.00220501609146595
0.001975245773792267
0.002268960466608405
0.0027269308920949697
0.0038817469030618668
0.0036906246095895767
0.004217152483761311
0.0034500230103731155
0.004197407513856888
0.003277918789535761
0.0035278191789984703
0.0027884773444384336
0.0035188929177820683
0.003305221674963832
0.0037217445205897093
0.003252178430557251
0.0026539270766079426
0.0038237632252275944
0.003623879048973322
0.004126247949898243
0.0034324596635997295
0.0034040305763483047
0.003711758181452751
0.0038398653268814087
0.00402474869042635
0.0028214375488460064
0.002985676284879446
0.001055068802088499
0.0008608672651462257
0.0005547503824345767
0.0010366304777562618
0.0018832592759281397
0.0006981116603128612
0.0005992632359266281
0.001191073446534574
0.0015125530771911144
0.0034989379346370697
0.0058342162519693375
0.0038700513541698456
0.00405849888920784
0.0044588265009224415
0.003807664616033435
0.003165237372741103
0.0027785319834947586
0.0023099910467863083
0.002044923370704055
0.0006506610661745071
0.002537823747843504
0.001968552591279149
0.0024130460806190968
0.0003590318374335766
0.00046979886246845126
0.0013624143321067095
0.0016570857260376215
0.002996500115841627
0.004288255237042904
0.006028861738741398
0.004267800133675337
0.0029743562918156385
0.004270289558917284
0.0036060274578630924
0.0049126725643873215
0.004640551283955574
0.002494377549737692
0.002563911024481058
0.0029015871696174145
0.0019715558737516403
0.0033252097200602293
0.0024870079942047596
0.002151892753317952
0.002116088755428791
0.0019512040307745337
0.0001324966287938878
0.0010860066395252943
0.0011111097410321236
-3.503558036754839e-05
0.00014762859791517258
0.0012827295577153563
0.0026677146088331938
0.0028821900486946106
0.003902335185557604
0.006707477383315563
0.007223521359264851
0.005986431147903204
0.005620609037578106
0.004721489734947681
0.0043454403057694435
0.0045458790846168995
0.004340636543929577
0.0031595821492373943
0.0035574871581047773
0.004676475655287504
0.004287203773856163
0.00303248455747962
0.004336741752922535
0.00452373456209898
0.0037388147320598364
0.0033169235102832317
0.000615327968262136
0.0013725983444601297
0.0010379471350461245
0.001743313274346292
0.0015922109596431255
0.0026554204523563385
0.002350703813135624
0.003345869015902281
0.004019487649202347
0.0011614201357588172
0.0004160876269452274
0.0013905720552429557
0.0020194228272885084
0.00124212761875242
0.0035095687489956617
0.003604049328714609
0.003322776174172759
0.002904700580984354
0.0029639038257300854
0.0024925225879997015
0.0024583740159869194
0.0030606405343860388
0.0030683986842632294
0.003281291574239731
0.0020438972860574722
0.0015872411895543337
0.0020759401377290487
0.00204021530225873
0.0022985762916505337
-9.538124868413433e-05
0.0013057298492640257
0.0012731102760881186
0.0020742290653288364
0.0011372299632057548
0.002145807258784771
0.003079524263739586
0.0031750628259032965
0.003952496685087681
0.004487530328333378
0.0029621298890560865
0.0022031592670828104
0.004121757578104734
0.003817336168140173
0.003999721724539995
0.002992094960063696
0.0030684685334563255
0.0030852872878313065
0.00284676905721426
0.002768334001302719
0.001987881725654006
0.0033852006308734417
0.0035150903277099133
0.002289969241246581
-0.00040215766057372093
0.001441457774490118
0.002089110668748617
0.0018901019357144833
0.0028463429771363735
0.0028764631133526564
0.003184774424880743
0.0021295463666319847
0.00211940985172987
0.0030683018267154694
0.003208236303180456
0.0013946944382041693
0.0009774751961231232
0.0012201305944472551
0.001052544335834682
0.00214490108191967
0.0040763444267213345
0.00351682398468256
0.0038371835835278034
0.005234005860984325
0.004996385425329208
0.004254270810633898
0.00472431443631649
0.003570464439690113
0.00331571651622653
0.0038629022892564535
0.003239123849198222
0.003320567309856415
0.003835135605186224
0.003209525253623724
0.0023685251362621784
0.0021393890492618084
0.0020646618213504553
0.0023732855916023254
0.0036513744853436947
0.003360071685165167
0.0023049404844641685
0.0018548441585153341
0.0017543239519000053
0.002171996980905533
0.0014632095117121935
-0.0007777460850775242
-0.0005558127886615694
-0.0007690396159887314
0.0003072641266044229
-1.1022979379049502e-05
0.001483956235460937
0.00184469239320606
0.0019329199567437172
0.0014200415462255478
0.0013796936254948378
0.0006317286752164364
0.0021753639448434114
0.0029012118466198444
0.00320907193236053
0.004663547035306692
0.003111309837549925
-0.0005012386245653033
0.0013331047957763076
0.002360528102144599
0.002506047021597624
0.004411717876791954
0.004633987322449684
0.005603436380624771
0.005003550089895725
0.004301527049392462
0.00421423465013504
0.005163615103811026
0.005481708329170942
0.004434098955243826
0.0045335558243095875
0.0037411346565932035
0.004681948572397232
0.004706464242190123
0.004527033306658268
0.004791841842234135
0.004367141053080559
0.0033460292033851147
0.00436673779040575
0.004670531488955021
0.004583893343806267
0.004445483908057213
0.005039225332438946
0.0041640824638307095
0.004185467027127743
0.004099595360457897
0.0036623370833694935
0.0027768053114414215
0.0011089635081589222
0.003592866938561201
0.004457477480173111
0.003971901722252369
0.0033065504394471645
0.0023879637010395527
0.0036661240737885237
0.004764263518154621
0.004540072288364172
0.00450053159147501
0.004379472695291042
0.0015821023844182491
0.0012653516605496407
0.0008808523416519165
0.0010947634000331163
0.0025995641481131315
0.0026826809626072645
0.00272155599668622
0.002820812864229083
0.0018641408532857895
-5.51929697394371e-05
0.0001067755147232674
-0.0005420533707365394
-0.0005974704399704933
-0.0011649581138044596
0.00027395132929086685
-0.002189342398196459
-0.0011968554463237524
-0.001024314551614225
-0.0011793924495577812
-0.001044240198098123
0.0007697478868067265
-7.582223042845726e-05
-0.0014026155695319176
-0.001603183802217245
-0.0009648214909248054
0.0004703023878391832
0.003879467025399208
0.001735083176754415
0.0002196105197072029
0.0004917277838103473
0.0020237930584698915
0.0017719607567414641
0.0025478287134319544
0.0028726605232805014
8.177703421097249e-05
0.003981938585639
0.0053444914519786835
0.005244591739028692
0.005259179975837469
0.0059745158068835735
0.0016504100058227777
-0.00034887687070295215
0.0010670928750187159
0.0003871421213261783
-0.0005584005266427994
0.0010786345228552818
0.0008382796659134328
-0.00021913586533628404
0.0020291865803301334
0.0038473885506391525
0.004507188219577074
0.004609720315784216
0.004116683732718229
0.00197896477766335
0.001911618746817112
0.0010317214764654636
0.0025901440531015396
0.0024541723541915417
0.003071120474487543
0.0035968925803899765
0.0029037788044661283
0.0018838364630937576
0.0027764211408793926
0.002823700662702322
0.0033856569789350033
0.0019835331477224827
0.0018248232081532478
0.0023167626932263374
0.0024397769011557102
0.0036721914075315
0.003766291541978717
0.0023182211443781853
0.0020563784055411816
0.004078842233866453
0.0030348445288836956
0.0033822960685938597
0.0038633483927696943
0.0025202352553606033
0.0012448024936020374
0.0016136160120368004
0.0020135180093348026
0.0038710979279130697
0.002279324922710657
0.0041909972205758095
0.005723804235458374
0.0046518705785274506
0.003983932547271252
0.003868265775963664
0.004520573653280735
0.004379584453999996
0.004128424450755119
0.004840420559048653
0.003053832333534956
0.0021786303259432316
0.002728092949837446
0.0022366412449628115
0.002620566403493285
0.0017842543311417103
0.0026771510019898415
0.004409896209836006
0.003011393127962947
0.003579099429771304
0.005141301080584526
0.004167712293565273
0.0039204685017466545
0.0043514869175851345
0.0036839847452938557
0.004085146822035313
0.0048376708291471004
0.004802489187568426
0.004548824857920408
0.005319731310009956
0.004578896798193455
0.0031871795654296875
0.004195041488856077
0.0037408273201435804
0.0034144900273531675
0.003605202306061983
0.0036616437137126923
0.0030543413013219833
0.0043522366322577
0.0036636244039982557
0.0006294609047472477
0.003268151544034481
0.0036573121324181557
0.004597710445523262
0.004673982970416546
0.00464572012424469
0.004415986128151417
0.004944249521940947
0.005374567117542028
0.0041613467037677765
0.004361338447779417
0.003933754749596119
0.004233923740684986
0.004100674297660589
0.003278518095612526
0.004316758364439011
0.004031991120427847
0.003983567003160715
0.0028840580489486456
0.0026600908022373915
0.003175826743245125
0.0018618260510265827
0.0008878696244210005
0.0003616289177443832
0.0009422971634194255
0.0009454810060560703
0.0004428708925843239
0.0009624019730836153
0.0018522422760725021
0.0014864441473037004
0.0007600471144542098
0.00045343133388087153
-0.0008188203792087734
-0.00016274428344331682
0.003953585401177406
0.004842245485633612
0.004772066604346037
0.004657016601413488
0.003509901463985443
0.003916345536708832
0.002087705535814166
-0.0007148588774725795
0.0009692587773315609
0.001249784487299621
0.0007627845625393093
0.0008107215980999172
0.003483555046841502
0.0035659228451550007
0.0042051528580486774
0.005096040666103363
0.003905314952135086
0.005026380531489849
0.0026013082824647427
0.0037436250131577253
0.003767569549381733
0.004378009121865034
0.00490896962583065
0.00331805064342916
0.004199049901217222
0.0025639517698436975
0.002978138392791152
0.0020774658769369125
0.0018178063910454512
0.003390559693798423
0.003381292102858424
0.002349670510739088
0.0035271754022687674
0.0007173902122303843
0.003292932640761137
0.004591606557369232
0.004198205657303333
0.004244888201355934
0.004531917627900839
0.004806298762559891
0.004604792222380638
0.005057037808001041
0.0052470131777226925
0.0012178535107523203
0.0002724539372138679
0.0003116670995950699
-0.000573105993680656
-0.0005171048687770963
0.00010102630767505616
0.0001292292436119169
0.0005309858242981136
0.0011958284303545952
0.00170046160928905
0.0018401102861389518
0.0015563040506094694
0.0015725543489679694
0.0010801663156598806
0.0010984995169565082
0.0015818567480891943
0.001500351820141077
0.0022630770690739155
-0.0005302524077706039
-0.0012441504513844848
-0.0006215900066308677
-0.0007026601815596223
0.00044067925773561
-0.0002440799435134977
0.0001662463619140908
0.00026642874581739306
0.0011550761992111802
-1.9770581275224686e-05
0.00112270493991673
0.001445621601305902
0.002036112127825618
0.0017275733407586813
0.0012232668232172728
-0.0012382380664348602
-0.0015179406618699431
-0.0007756041595712304
-0.0009614203008823097
-0.000885134912095964
0.000995916547253728
0.0017121890559792519
0.0027459152042865753
0.003546489402651787
0.0030193012207746506
0.00359606696292758
0.002536994870752096
0.0028780619613826275
0.0014317366294562817
0.0025906290393322706
0.002642672276124358
0.003437943756580353
0.0037512928247451782
0.002625182271003723
0.0007396384025923908
0.0017447540303692222
0.0017805760726332664
0.0019480555783957243
0.001215194701217115
0.0014993685763329268
0.00165846711024642
0.0018942721653729677
0.0014608055353164673
0.0020765713416039944
0.0007542049279436469
0.0012616590829566121
0.001916458597406745
0.0024013735819607973
0.0018244737293571234
0.001988327596336603
0.002884990070015192
0.0013938344782218337
0.0014286476653069258
0.0014613954117521644
0.0008857002248987556
0.0007463748333975673
0.0008499565301463008
0.001105958828702569
0.0005952453939244151
0.0017537528183311224
6.383843719959259e-05
0.000941778882406652
-0.0008155705290846527
0.0006744386628270149
0.0014562536962330341
0.0009135454893112183
0.0008736191084608436
0.0009678154019638896
0.0014393951278179884
0.0006435116520151496
0.0017403637757524848
0.0014297374291345477
0.0028845402412116528
0.004332338459789753
0.0024258510675281286
0.001056312583386898
0.0011152883525937796
0.0015394389629364014
0.002210814505815506
0.002089674351736903
0.0012294277548789978
0.0022667236626148224
0.0009061183664016426
0.0006674675969406962
-0.0006023659370839596
0.00026509352028369904
0.0018012378131970763
0.0025712875649333
0.0017776073655113578
0.002324930392205715
0.0023520994000136852
0.0006505746277980506
0.0029103239066898823
0.0020228642970323563
0.0020291015971451998
-0.0001883263175841421
0.001377586741000414
0.0010275848908349872
0.0016086096875369549
0.002316899597644806
0.002358977682888508
0.0019858116284012794
0.0010219160467386246
0.0025305349845439196
0.003038405906409025
0.002994959009811282
0.0029759490862488747
0.002874886617064476
0.0023716508876532316
0.0014623742317780852
0.002158174756914377
0.002532240469008684
0.0031257160007953644
0.0030943683814257383
0.0023963404819369316
0.002882093656808138
0.003942785318940878
0.004030860494822264
0.0035570762120187283
0.003255294170230627
0.002412287052720785
0.0020619076676666737
0.002057003788650036
0.0029993397183716297
0.002539041917771101
0.002896205522119999
0.0035944003611803055
0.002197075169533491
0.0031589679419994354
0.002991402056068182
0.0019898083992302418
0.0016373334219679236
0.0025102649815380573
0.0025535430759191513
0.0020274785347282887
-0.0001917684858199209
0.0004828161036130041
5.978516855975613e-05
0.0034791119396686554
0.009915520437061787
-0.0013042993377894163
-0.0102965934202075
0.00020504859276115894
0.008751249872148037
-0.00012422275904100388
-0.0012657549232244492
-0.00011895535135408863
0.00019706026068888605
0.0006533660925924778
0.0014041492249816656
-0.0007417174056172371
0.00012307350698392838
0.0010574206244200468
0.0005621793679893017
0.0016173317562788725
0.001549644861370325
0.001538928016088903
0.0007342518656514585
0.0018723331158980727
0.002028718125075102
0.0016366967465728521
0.0007215136429294944
0.00038920421502552927
0.0007264851592481136
0.0011817298363894224
0.0007464095833711326
0.0006188107654452324
0.0010209070751443505
0.0011235489509999752
0.002170050982385874
0.001243604812771082
0.00141095498111099
3.7299469113349915e-06
0.0006350636249408126
0.0011385579127818346
0.0015772674232721329
0.0017918117810040712
0.00019710387277882546
0.0012808198807761073
0.0013301782310009003
0.0019996610935777426
0.0004694415256381035
0.0009534323471598327
0.0011434105690568686
0.002277711872011423
0.0009168124524876475
0.0016618361696600914
0.0012337260413914919
0.0011531661730259657
0.0008265101350843906
0.0016296124085783958
0.0017218829598277807
0.0016879956237971783
0.0015476810513064265
0.0006936629069969058
0.0007184661808423698
0.0016788565553724766
0.0018002435099333525
-7.373467087745667e-05
0.0002967564796563238
-0.001145420828834176
-0.0015899694990366697
-0.0005436131614260375
-2.745616620813962e-05
0.00040757720125839114
0.0007670458289794624
0.0011034870985895395
0.0014983144355937839
-0.0005767946131527424
0.00027496740221977234
0.001557559473440051
0.0015292454045265913
0.0015245594549924135
0.0013588310685008764
0.0014475684147328138
0.0022975674364715815
0.0013791437959298491
0.0018355061765760183
0.0012093556579202414
0.0010570994345471263
0.0012079207226634026
0.0014017241774126887
0.0019475084263831377
0.0014508669264614582
0.001733157318085432
0.0013858515303581953
0.0013839025050401688
0.0010472936555743217
0.00031508630490861833
0.0022021110635250807
0.0009969479870051146
0.0010786287020891905
-0.0008089683833532035
0.00024259169003926218
0.00130454171448946
-0.00011520305270096287
-0.0016588022699579597
-0.00039867949089966714
0.0006861902656964958
-0.00039403344271704555
-0.0005704985815100372
0.001609640195965767
0.0002375400363234803
0.0017298817401751876
0.0009395793895237148
0.0017327903769910336
0.0027930396609008312
0.00240070978179574
0.0013846061192452908
0.002237665932625532
0.003208093112334609
0.0011195982806384563
0.00214354507625103
0.0007961459341458976
0.0011053795460611582
0.0012854196829721332
0.0012515797279775143
0.0016507910331711173
0.0026375572197139263
0.002054334618151188
0.0024573830887675285
0.0013692969223484397
0.0005225154454819858
0.0012407840695232153
0.000604454311542213
-0.0001614140346646309
0.0005730092525482178
-0.00021928967908024788
0.00034629832953214645
0.0005830205045640469
0.0004040485655423254
0.00041695358231663704
0.0015327339060604572
0.001302116084843874
0.0007019350305199623
0.0011822334490716457
0.0011751448037102818
0.001282731769606471
0.00123048375826329
0.0015885177999734879
0.0011193689424544573
0.0015532616525888443
0.0004388208908494562
-0.0012783999554812908
-0.0009475105325691402
0.00028002000181004405
0.00044774715206585824
0.0012016822583973408
0.0014573985245078802
0.0015409949701279402
0.0012461107689887285
0.0017862407257780433
-0.0014543714933097363
-0.0003726775757968426
-0.00014441522944252938
0.0014256106223911047
0.0010793008841574192
0.00010828829545062035
-0.0008100138511508703
-0.001419201260432601
-0.0004861435736529529
0.00023710774257779121
-0.0007945322431623936
-0.0002979021519422531
-0.0005587711348198354
0.0008032805053517222
0.0008853180333971977
0.00010652001947164536
0.000434869434684515
-0.00021671193826477975
0.0006042839959263802
0.001010359264910221
0.0012289274018257856
0.001000656746327877
0.0011654682457447052
0.0013270651688799262
0.0015060215955600142
0.0008830697042867541
0.0016449519898742437
0.0015335348434746265
0.002389629604294896
0.0011065981816500425
0.0017205288168042898
0.0007849623216316104
0.0008891007746569812
0.00045938947005197406
0.0010727265616878867
0.0004176059737801552
-0.000909313268493861
-0.0006855183164589107
0.00038422210491262376
0.00022239051759243011
0.0005357434856705368
0.00024021309218369424
0.0012015963438898325
0.0011491862824186683
0.00012401041749399155
0.0009051297674886882
0.0007699133711867034
0.0008452862384729087
0.0018724906258285046
0.0013961461372673512
0.0017300795298069715
0.0011697839945554733
0.0018058663699775934
0.001153157907538116
0.0016746672336012125
3.4963559301104397e-05
-0.0011391476728022099
-0.00028019631281495094
-0.0002698300813790411
0.0014269889798015356
0.0027045223396271467
0.002006101654842496
0.0021331445313990116
0.0021630909759551287
0.0023890486918389797
0.0023938510566949844
0.0017293569399043918
0.002376133343204856
0.003780689090490341
0.0032919864170253277
0.0004912965814583004
0.0005717579042539
0.0008333397563546896
0.0020846370607614517
0.0032067536376416683
0.00113155716098845
-0.0001281403674511239
0.0013602683320641518
0.0013612222392112017
0.001193117699585855
0.0011477961670607328
0.0010323472088202834
0.0010092136217281222
0.0009511993266642094
0.0004193031636532396
-0.0004658988618757576
-0.0005383407115004957
-0.0002723359502851963
-0.0001595669164089486
0.0009199402993544936
0.0010496557224541903
0.0012509261723607779
0.00041464841342531145
0.0023440257646143436
0.0018479874124750495
1.370767131447792e-05
-0.0023850062862038612
-0.0011023168917745352
-0.00027481443248689175
-0.0026628708001226187
-0.001993793761357665
-0.002735863206908107
-0.00057769421255216
-0.00270066037774086
-0.0025106649845838547
-0.002070043934509158
-0.001534137176349759
0.00012410245835781097
0.0003245609696023166
-0.001533932751044631
-0.0010353806428611279
-0.00038267020136117935
0.0012952573597431183
0.002040778286755085
0.0016613950720056891
0.0016734348610043526
0.001683079986833036
0.011333055794239044
0.011977790854871273
0.011159999296069145
0.010733778588473797
0.008943572640419006
0.013508397154510021
0.012642428278923035
0.01074390858411789
0.010511698201298714
0.013097858056426048
0.013360008597373962
0.01315230131149292
0.013797329738736153
0.02022728882730007
0.019024237990379333
0.016487836837768555
0.017982808873057365
0.01756339892745018
0.01393801998347044
0.014224674552679062
0.01392129622399807
0.014166455715894699
0.014557505957782269
0.017072971910238266
0.00886228121817112
0.007799318991601467
0.007801332511007786
0.010140483267605305
0.009357942268252373
0.005813874304294586
0.00702916644513607
0.007036515511572361
0.012923325411975384
0.008698619902133942
0.013395164161920547
0.008930103853344917
0.012681945227086544
0.010839302092790604
0.015030394308269024
0.015303263440728188
0.012119720689952374
0.013825938105583191
0.013809822499752045
0.013123253360390663
0.013883802108466625
0.011955011636018753
0.01281584333628416
0.0125854117795825
0.012825480662286282
0.012071685865521431
0.010871829465031624
0.014301968738436699
0.010043101385235786
0.010130522772669792
0.016740707680583
0.015756335109472275
0.015248491428792477
0.015851203352212906
0.015914849936962128
0.012865906581282616
0.013056076131761074
0.011496919207274914
0.012567969970405102
0.013584204018115997
0.01357240416109562
0.013670569285750389
0.012050004675984383
0.019570525735616684
0.02503504604101181
0.014384190551936626
0.015058107674121857
0.016173146665096283
0.012975342571735382
0.017015933990478516
0.013918033801019192
0.01868721842765808
0.022204792127013206
0.01691563054919243
0.016076328232884407
0.03117556683719158
0.016128860414028168
0.014115809462964535
0.013381682336330414
0.012126157991588116
0.01463252305984497
0.012698004953563213
0.01662127673625946
0.013071596622467041
0.013882966712117195
0.012609349563717842
0.010304085910320282
0.011564134620130062
0.011058056727051735
0.015315564349293709
0.013781558722257614
0.011283326894044876
0.008453663438558578
0.012329015880823135
0.010543031617999077
0.009488912299275398
0.010345352813601494
0.009967833757400513
0.011160314083099365
0.011868534609675407
0.011786900460720062
0.014848004095256329
0.012229937128722668
0.011311831884086132
0.01027192547917366
0.011114679276943207
0.010914782993495464
0.011229360476136208
0.011145500466227531
0.013078471645712852
0.012275385670363903
0.011861136183142662
0.014861313626170158
0.01106177270412445
0.00824513379484415
0.00842080544680357
0.011418073438107967
0.014626803807914257
0.008374735713005066
0.01067986711859703
0.010464757680892944
0.016005370765924454
0.011922486126422882
0.014814122579991817
0.013441848568618298
0.01275594811886549
0.012319037690758705
0.012516474351286888
0.012423312291502953
0.013851209543645382
0.013815319165587425
0.01081500481814146
0.011519628576934338
0.015035834163427353
0.014132092706859112
0.011454418301582336
0.012126615270972252
0.009151832200586796
0.016192039474844933
0.015301625244319439
0.013399082235991955
0.011321425437927246
0.014167668297886848
0.017511114478111267
0.014723984524607658
0.013670681044459343
0.012936639599502087
0.013077512383460999
0.013045495375990868
0.014702009968459606
0.0120475385338068
0.007989955134689808
0.01313568465411663
0.012955600395798683
0.011412086896598339
0.008838548325002193
0.010301593691110611
0.007577524986118078
0.012801488861441612
0.008798535913228989
0.007811299990862608
0.00665794312953949
0.011477064341306686
0.016925383359193802
0.009477031417191029
0.013901358470320702
0.011897902004420757
0.009438849054276943
0.01182293426245451
0.01274384930729866
0.012520728632807732
0.013443069532513618
0.013923835009336472
0.009173201397061348
0.009998457506299019
0.009315511211752892
0.00876559317111969
0.008551748469471931
0.0073025766760110855
0.007041523233056068
0.00901771616190672
0.009669629856944084
0.010182669386267662
0.007212190888822079
0.0059450245462358
0.011369612067937851
0.012742622755467892
0.02832791581749916
0.010207022540271282
0.0270684864372015
0.005746168550103903
0.0057353368028998375
0.0046399980783462524
0.005479847546666861
0.0053673069924116135
0.005811359733343124
0.008236064575612545
0.009441956877708435
0.009105341508984566
0.011815409176051617
0.012637734413146973
0.011210056021809578
0.00857575610280037
0.00844291877001524
0.011550148949027061
0.013562585227191448
0.008926987648010254
0.010165448300540447
0.009467918425798416
0.011678664945065975
0.008659306913614273
0.009831350296735764
0.009340435266494751
0.011226060800254345
0.008832531981170177
0.008980680257081985
0.010391941294074059
0.011674411594867706
0.010242804884910583
0.00862330012023449
0.010394982993602753
0.009371881373226643
0.009411685168743134
0.008143896237015724
0.011891370639204979
0.009453419595956802
0.010285897180438042
0.010506893508136272
0.011484596878290176
0.010902556590735912
0.00862094759941101
0.008864359930157661
0.011525683104991913
0.010557066649198532
0.008808402344584465
0.008173895068466663
0.0071000284515321255
0.007054075598716736
0.008273028768599033
0.010557981207966805
0.007595176808536053
0.010557486675679684
0.008414151147007942
0.008331703022122383
0.008059317246079445
0.008157093077898026
0.011320678517222404
0.00906197726726532
0.01135906483978033
0.010049473494291306
0.009598080068826675
0.010116295889019966
0.007046019192785025
0.010093404911458492
0.005575347226113081
0.006004668772220612
0.004154281225055456
0.005572117865085602
0.00575221236795187
0.004632601980119944
0.007765571586787701
0.007823259569704533
0.008949357084929943
0.008254229091107845
0.00809341948479414
0.008631777949631214
0.009907014667987823
0.00842214748263359
0.008078604936599731
0.008835732005536556
0.006888807751238346
0.01546192355453968
0.007798566948622465
0.009970773942768574
0.008336175233125687
0.00741619523614645
0.008163757622241974
0.01002170704305172
0.009711996652185917
0.008558918721973896
0.007892929017543793
0.009591614827513695
0.008817003108561039
0.009242076426744461
0.011492381803691387
0.00863752793520689
0.00823475606739521
0.0074742576107382774
0.01070453505963087
0.0098883006721735
0.010991513729095459
0.009809770621359348
0.015728387981653214
0.015883993357419968
0.008573094382882118
0.009311485104262829
0.0071511357091367245
0.008498838171362877
0.007722530514001846
0.0084124356508255
0.007381414528936148
0.008475816808640957
0.007836723700165749
0.008095839992165565
0.009215317666530609
0.010129144415259361
0.008630619384348392
0.00889572873711586
0.007276739459484816
0.007888136431574821
0.010476959869265556
0.008317898958921432
0.01550175528973341
0.010287928394973278
0.012440627440810204
0.005735402461141348
0.008168527856469154
0.01916484907269478
0.01609598472714424
0.013051362708210945
0.010455144569277763
0.010645942762494087
0.008436385542154312
0.0064424569718539715
0.00623997300863266
0.006775694899260998
0.00695001520216465
0.0086432546377182
0.008141453377902508
0.012234734371304512
0.011849457398056984
0.012127331458032131
0.012445157393813133
0.010685347020626068
0.012456335127353668
0.015823807567358017
0.011807313188910484
0.010173093527555466
0.007069351151585579
0.00736263208091259
0.015620029531419277
0.012817434966564178
0.007318123243749142
0.006285704672336578
0.00860879197716713
0.01674356311559677
0.021304279565811157
0.013039800338447094
0.01763870380818844
0.005009801127016544
0.0057619716972112656
0.014773059636354446
0.01434040442109108
0.021156881004571915
0.019220324233174324
0.00963978748768568
0.010147240944206715
0.008136213757097721
0.010806268081068993
0.011761120520532131
0.012161459773778915
0.02163810096681118
0.013088184408843517
0.012773021124303341
0.017539437860250473
0.02284057065844536
0.027398135513067245
0.011009616777300835
0.010673226788640022
0.010128803551197052
0.010778006166219711
0.012014213018119335
0.011695540510118008
0.024659842252731323
0.015872513875365257
0.02541731297969818
0.017116442322731018
0.022921796888113022
0.025529583916068077
0.012800179421901703
0.01987747848033905
0.020275788381695747
0.019511278718709946
0.01234744768589735
0.018177585676312447
0.009322053752839565
0.017878370359539986
0.01712535135447979
0.017364077270030975
0.018823331221938133
0.018646840006113052
0.019935809075832367
0.022557489573955536
0.018877984955906868
0.022054877132177353
0.023623596876859665
0.0060427519492805
0.02435644529759884
0.008111475966870785
0.007593400776386261
0.008851151913404465
0.008248777128756046
0.026128588244318962
0.006743033416569233
0.017527079209685326
0.023195018991827965
0.015205975621938705
0.01952660083770752
0.02641948312520981
0.021988075226545334
0.023290907964110374
0.01997985877096653
0.02070952020585537
0.022632446140050888
0.01901642419397831
0.017858393490314484
0.010282503440976143
0.017080597579479218
0.00698077492415905
0.022407904267311096
0.02652621828019619
0.022951986640691757
0.017809726297855377
0.022066814824938774
0.02022518776357174
0.022720884531736374
0.015130804851651192
0.01680891029536724
0.019365882501006126
0.021678386256098747
0.022852545604109764
0.019713707268238068
0.019973549991846085
0.01833757944405079
0.021815743297338486
0.013092249631881714
0.008849771693348885
0.009173406288027763
0.009013707749545574
0.00847686268389225
0.009063264355063438
0.007316255010664463
0.007566086482256651
0.009412296116352081
0.009802017360925674
0.009567434899508953
0.012991229072213173
0.011119677685201168
0.009807182475924492
0.0058159781619906425
0.007138372864574194
0.009032439440488815
0.009442726150155067
0.009155794978141785
0.009328925982117653
0.013138655573129654
0.01720847189426422
0.012010684236884117
0.01256079412996769
0.01472512912005186
0.01153915748000145
0.01264940481632948
0.008363127708435059
0.009640023112297058
0.010547209531068802
0.01228294800966978
0.01612062379717827
0.014937039464712143
0.011320320889353752
0.01126822642982006
0.009755636565387249
0.011533726006746292
0.00507444329559803
0.00611568707972765
0.008140027523040771
0.01048245094716549
0.012006422504782677
0.011087091639637947
0.010242760181427002
0.0067473361268639565
0.012242618016898632
0.013869671151041985
0.01505422405898571
0.012642605230212212
0.008696557953953743
0.007941441610455513
0.010914400219917297
0.011709606274962425
0.010530384257435799
0.005793999880552292
0.008370772935450077
0.007594491355121136
0.011298703029751778
0.013688575476408005
0.013608396053314209
0.01219041645526886
0.01342045795172453
0.01359300222247839
0.009625988081097603
0.008135965093970299
0.008730873465538025
0.009802477434277534
0.009811965748667717
0.009872928261756897
0.010035963729023933
0.009554656222462654
0.008885548450052738
0.00886098574846983
0.007244492881000042
0.01073370035737753
0.010292692109942436
0.008858767338097095
0.006937216967344284
0.008292434737086296
0.024049898609519005
0.025799719616770744
0.012583395466208458
0.012979160994291306
0.013325877487659454
0.008993556722998619
0.009043725207448006
0.009294431656599045
0.009932941757142544
0.00797564722597599
0.009506110101938248
0.010510342195630074
0.014256833121180534
0.0006798316026106477
0.006104675587266684
0.011285505257546902
0.005375334527343512
-0.006595871411263943
0.0037977814208716154
0.017738794907927513
-0.0031600601505488157
-0.0060775745660066605
-0.003517335280776024
0.00786750577390194
